1709908666.9707825,-0.01102656660080098
1709908666.9789183,0.0014919641221825132
1709908666.9870965,-0.008244615568607299
1709908666.9952672,0.003578427396328617
1709908667.0034125,-0.04000480831634034
1709908667.0115592,-0.0077811230111676285
1709908667.019711,-0.03699111100542682
1709908667.0278652,-0.023777092524394066
1709908667.0360265,-0.010331078842753402
1709908667.044175,-0.018676931939334444
1709908667.0523124,0.04043878072912128
1709908667.0604122,0.016560699598641537
1709908667.0685122,0.04391621951936422
1709908667.076671,0.006360378428522297
1709908667.084834,0.001723959322792106
1709908667.0929973,0.019110904352115383
1709908667.1011603,-0.0038399427415969425
1709908667.1093175,0.018183670315346283
1709908667.1175992,-0.03536838921061015
1709908667.1257658,-0.010794820322081145
1709908667.133929,0.0028829396382793536
1709908667.14222,-0.013808517632996347
1709908667.1504693,0.011228792734862082
1709908667.1585996,-0.0008262454306834263
1709908667.1668346,0.009142329460715979
1709908667.1749144,-0.018676931939334444
1709908667.18307,0.007519607665899303
1709908667.191252,-0.008476610769216892
1709908667.1993446,0.0320931765544283
1709908667.207408,0.022820089421078164
1709908667.2154868,0.011692285292301752
1709908667.2236307,0.0024194470808396825
1709908667.2317848,-0.0008262454306834263
1709908667.2399385,-0.017749448980677276
1709908667.2480922,0.054348535890091365
1709908667.256283,-0.023777092524394066
1709908667.2644095,0.036729595660158494
1709908667.272485,0.009142329460715979
1709908667.2805715,-0.002680962426108008
1709908667.2887247,0.019342650630835217
1709908667.296888,-0.03768659876347608
1709908667.3050516,-0.005926406015741359
1709908667.3132205,-0.039541315758900665
1709908667.321318,-0.05368256827670252
1709908667.329407,0.012619768250958922
1709908667.3374825,-0.03328192593646404
1709908667.3455586,-0.007317381531839887
1709908667.3537402,0.038352566376864926
1709908667.3619032,-0.0047671767783643544
1709908667.3700716,0.020965372425651895
1709908667.3782587,0.010765051255532654
1709908667.3863165,0.03974354189296177
1709908667.3943918,-0.015663234628420928
1709908667.402467,0.018183670315346283
1709908667.410542,0.04043878072912128
1709908667.4186964,0.060839671991247825
1709908667.4268608,0.002651193359559518
1709908667.4350266,0.05318930665271436
1709908667.443191,-0.020531400012870956
1709908667.451316,0.03278866431247757
1709908667.4594126,0.020269884667604317
1709908667.4676878,-0.02122688777092022
1709908667.4759705,-0.07431520581754891
1709908667.4842503,-0.04811891513420323
1709908667.4925215,-0.0017534794674508385
1709908667.5006747,-0.023313351045066325
1709908667.508838,0.009837817218765242
1709908667.516997,-0.019140424496774115
1709908667.5251427,0.026761020768760777
1709908667.533312,0.023051835699797997
1709908667.541381,0.006592124707242133
1709908667.5494545,-0.05090086616639691
1709908667.5576463,0.0014919641221825132
1709908667.5659044,-0.0692150452324893
1709908667.5741568,-0.056464519308896205
1709908667.58247,-0.04765517365487549
1709908667.5906339,-0.05785549482499304
1709908667.5987356,-0.026095302077260005
1709908667.6069283,-0.1206806414843013
1709908667.615232,-0.08196557115608237
1709908667.6233191,-0.15290457571136376
1709908667.6314907,0.00010098860608567269
1709908667.639754,-0.22778451161432778
1709908667.6479063,-0.06457862612675909
1709908667.6561706,0.021429113904981322
1709908667.6642377,-0.13459014772338332
1709908667.6723015,-0.002912708704827843
1709908667.6803632,0.041366263687778446
1709908667.6884298,0.007519607665899303
1709908667.696502,0.0320931765544283
1709908667.7046504,0.008910583181996144
1709908667.7128177,0.03510687386534182
1709908667.7209938,0.1243600574867156
1709908667.7291596,-0.015894980907140765
1709908667.7373161,0.18393951163450073
1709908667.7455964,0.13896530040573493
1709908667.7537618,0.024674806416502746
1709908667.7619278,0.12575103300281243
1709908667.7702003,-0.06991053299053855
1709908667.7783165,-0.012881283596227248
1709908667.7863915,-0.09147040456815235
1709908667.7944665,-0.0692150452324893
1709908667.8025417,0.008910583181996144
1709908667.8106952,-0.09564333111644456
1709908667.818969,0.10048197635623585
1709908667.8271344,-0.10143897945955176
1709908667.8353124,0.12320107717122665
1709908667.843439,0.09004990890739678
1709908667.8515105,-0.035832130689939574
1709908667.8595753,0.028383991485465523
1709908667.8678505,0.03649784938143866
1709908667.8760173,0.029079479243514787
1709908667.8841789,-0.05785549482499304
1709908667.8923068,0.02768850372741795
1709908667.900379,-0.03212269669908704
1709908667.908454,0.021429113904981322
1709908667.916731,-0.014504005391043923
1709908667.9248939,-0.03490464773128241
1709908667.933052,0.06918527616594079
1709908667.9413307,-0.053450821997982685
1709908667.9494119,0.007287612465291396
1709908667.9576697,-0.09587507739516439
1709908667.9659448,0.09167263070221346
1709908667.9741087,0.07428568567289018
1709908667.9822924,0.03394764462796482
1709908667.9905777,0.08170405581081405
1709908667.9986784,0.15751122575054716
1709908668.0067923,0.0388160589343046
1709908668.0148995,0.08889067967001978
1709908668.0229993,0.021892855384309063
1709908668.0311437,-0.0038399427415969425
1709908668.039232,0.05689849172167714
1709908668.0472956,-0.038150340242803824
1709908668.0553613,0.02815199628485762
1709908668.0634255,-0.060869192135908246
1709908668.0715687,-0.0012899869100111677
1709908668.0798407,-0.009635591084704138
1709908668.0881038,-0.027950019072686273
1709908668.096289,-0.008244615568607299
1709908668.1043608,-0.06991053299053855
1709908668.1124861,0.004505661433096029
1709908668.120572,0.0054331443917531985
1709908668.128647,-0.005926406015741359
1709908668.136921,-0.01844493673872654
1709908668.145078,0.033020410591197404
1709908668.1532526,0.012156026771629495
1709908668.1614404,-0.022154370729577388
1709908668.1697044,0.010069563497485078
1709908668.1778672,-0.05808749002560264
1709908668.1861424,0.015401719283152603
1709908668.1943293,-0.015663234628420928
1709908668.202386,-0.09935251618540733
1709908668.2106638,0.015865211840592273
1709908668.2189312,-0.09564333111644456
1709908668.2270942,0.010765051255532654
1709908668.2353697,-0.010794820322081145
1709908668.2436445,-0.08845670725723884
1709908668.2518067,0.018647162872785956
1709908668.260084,-0.04510521782328972
1709908668.2683606,0.057593979479724715
1709908668.2764091,0.045770936514790486
1709908668.2846916,0.01563346556187244
1709908668.2929645,0.04437996099869196
1709908668.3012516,0.0005647300854151009
1709908668.3095338,0.019574396909555054
1709908668.317817,0.05782597468033431
1709908668.3260894,-0.0010579917094032617
1709908668.334278,0.039279800413634026
1709908668.3423526,-0.03629562324737924
1709908668.3505893,0.0019557056015119412
1709908668.3586853,-0.04394598858591271
1709908668.366797,-0.03212269669908704
1709908668.3749068,-0.03513664293189031
1709908668.383012,-0.02122688777092022
1709908668.3912802,0.04345272696192455
1709908668.3993807,0.01563346556187244
1709908668.4074447,0.012619768250958922
1709908668.4157186,0.0300067132802822
1709908668.4239001,-0.0008262454306834263
1709908668.4320598,0.0005647300854151009
1709908668.4403265,-0.0047671767783643544
1709908668.4485984,-0.005694659737021524
1709908668.4567525,-0.0038399427415969425
1709908668.4649022,-0.06156467989395582
1709908668.473164,0.03417963982857441
1709908668.481316,-0.06527411388480667
1709908668.4894757,-0.03861408172213326
1709908668.4975667,-0.023777092524394066
1709908668.5057223,-0.04811891513420323
1709908668.5139854,-0.024704326561163163
1709908668.5221822,-0.007317381531839887
1709908668.530306,-0.0031444549835476787
1709908668.538426,-0.023777092524394066
1709908668.5465605,-0.016822214943909862
1709908668.5547254,0.016560699598641537
1709908668.562874,0.006592124707242133
1709908668.5710516,-0.037223106206036416
1709908668.5793295,-0.19741504546080182
1709908668.5876067,0.13038770103043237
1709908668.595884,0.19715377903742326
1709908668.6041625,-0.07385171326010924
1709908668.6124382,0.06779454957173371
1709908668.6207168,0.058753208717103406
1709908668.6288812,-0.10143897945955176
1709908668.6371603,-0.017285956423237603
1709908668.6454382,-0.2590809628827331
1709908668.6535134,0.14962911413329216
1709908668.6616707,0.29243435728062406
1709908668.6698346,0.04484370247802139
1709908668.6781209,0.42805297656875024
1709908668.6864228,-0.037223106206036416
1709908668.694506,-0.11720320269405836
1709908668.7026272,-0.11720320269405836
1709908668.7107074,0.255110262468502
1709908668.7188818,-0.02771802387207668
1709908668.7270482,0.5156834383953056
1709908668.7353115,0.3837740041761422
1709908668.7435844,0.558571186349927
1709908668.7518492,0.8986609662073146
1709908668.7601175,0.4945870593751315
1709908668.7683852,0.8330538685158126
1709908668.7766566,0.5064103512619554
1709908668.7849245,0.6707754659869012
1709908668.793079,0.6183826356983217
1709908668.8013496,0.5423434705579807
1709908668.809633,0.6893213913317133
1709908668.81791,0.5963590226413769
1709908668.8260758,0.7194588622846297
1709908668.8342652,0.563207854377547
1709908668.8425395,0.6703117245075734
1709908668.850819,0.5708582197160804
1709908668.8590958,0.757710440055409
1709908668.867372,0.5377068025303607
1709908668.8756557,0.9185978670682237
1709908668.8839302,0.6876986695368967
1709908668.8922186,1.284883937608957
1709908668.9004953,1.2454733795226887
1709908668.908782,1.2610058564784772
1709908668.9170613,1.5141604133454671
1709908668.925333,1.8241124733280487
1709908668.9334164,1.797916182644703
1709908668.9416971,1.8438178768321276
1709908668.949978,2.119227793034781
1709908668.958272,2.217522317510785
1709908668.9665449,2.291011277897652
1709908668.9746633,2.5212149876709296
1709908668.9828475,2.708067208010258
1709908668.991003,2.6950849358079454
1709908668.999157,2.8842556146220297
1709908669.0074263,3.073889537071664
1709908669.0157044,3.391260216114059
1709908669.0238552,3.5595662621866873
1709908669.0320005,3.8825008432934696
1709908669.0401728,4.242527275089879
1709908669.048388,4.625041310344447
1709908669.0564873,5.047429147320833
1709908669.0646107,5.406296847723643
1709908669.0727673,5.788578887777603
1709908669.081031,6.154169221638397
1709908669.089303,6.470380671443415
1709908669.0975788,6.910851190129063
1709908669.1058557,7.24259511688987
1709908669.1141214,7.597985129580548
1709908669.1223872,7.843025828551565
1709908669.1305654,8.220671449499793
1709908669.1388383,8.460843734164472
1709908669.147001,8.83895284767014
1709908669.1551645,9.213816517586173
1709908669.163319,9.525855040842902
1709908669.1713915,9.871740220121508
1709908669.1794665,10.337711790654343
1709908669.1877458,10.65879140584381
1709908669.1960194,11.030873124727654
1709908669.2043006,11.444451864971905
1709908669.2125843,11.783382166670028
1709908669.2208588,12.13204929698083
1709908669.2290225,12.519431497619848
1709908669.2373068,12.806664705709327
1709908669.24541,13.14837720736153
1709908669.253695,13.455547316311918
1709908669.2619748,13.850579882289473
1709908669.2702506,14.217329445387644
1709908669.2785368,14.518703905994924
1709908669.286657,14.977488852668554
1709908669.294753,15.691514570561427
1709908669.3029165,15.902708613510569
1709908669.3110821,16.22170201434778
1709908669.3192658,16.63273054983856
1709908669.3273106,17.002493810247646
1709908669.3355746,17.442964328933293
1709908669.34384,17.997957087886892
1709908669.3521106,18.53509940925373
1709908669.3602777,19.138312071947617
1709908669.368545,19.67754060766671
1709908669.3768194,20.222796786929518
1709908669.3850904,20.891152805835574
1709908669.3933573,21.31609084756544
1709908669.4016292,21.884529620200677
1709908669.4099014,22.420280966051422
1709908669.4181972,22.82783206275196
1709908669.4264727,23.296585335395097
1709908669.4347394,23.59540984017079
1709908669.4430168,24.017334184589735
1709908669.4512982,24.405411872986804
1709908669.4595761,24.955536466555955
1709908669.4678452,25.468800457870415
1709908669.4761267,26.025647933819442
1709908669.4843981,26.538679929933306
1709908669.4924734,26.954808626009143
1709908669.500548,27.61226883598703
1709908669.5088243,27.940071582478268
1709908669.5169392,28.490891663805467
1709908669.5250876,28.95709498061702
1709908669.533258,29.227404736234615
1709908669.541318,29.67853906864782
1709908669.5493875,29.90781554438433
1709908669.5574627,30.2346910568388
1709908669.5655951,30.536761254126016
1709908669.573847,30.88705110623163
1709908669.582108,31.279301721176992
1709908669.590408,31.67178408240107
1709908669.59862,32.12732333656318
1709908669.6067336,32.94381650548035
1709908669.6148114,33.734345129992896
1709908669.6229756,33.73573610550899
1709908669.6311393,34.51791887692495
1709908669.6394043,33.929542954506914
1709908669.6474793,35.80293357220655
1709908669.6555924,34.968821711981334
1709908669.6638575,35.14941454249822
1709908669.6721325,36.19680690894672
1709908669.6804028,35.1007308972786
1709908669.6886797,37.016545770375416
1709908669.6969502,36.395945913730316
1709908669.7052221,37.10649444175483
1709908669.7134922,36.886954545709116
1709908669.721765,37.49851306149959
1709908669.7299304,38.68755169077993
1709908669.7382197,37.37425424154085
1709908669.7464995,38.19747029283789
1709908669.7545743,38.22876699302819
1709908669.7628396,38.369485523979485
1709908669.771112,38.758722441613926
1709908669.7793899,38.495599309855535
1709908669.787666,38.94951559330094
1709908669.7958217,39.001444931032076
1709908669.8041031,39.46532978936888
1709908669.8122919,39.470661945154546
1709908669.820367,39.8058830617837
1709908669.8286397,39.82813842111937
1709908669.83691,39.804028344788286
1709908669.8451903,39.998067188986816
1709908669.853472,39.8441343906326
1709908669.8617537,39.730307638122696
1709908669.8700233,39.986939633779926
1709908669.8783033,39.54067346675117
1709908669.886583,39.94683358793561
1709908669.8946705,39.734944057228425
1709908669.902782,39.965148015923596
1709908669.9108596,39.58263398066902
1709908669.9190624,40.35415293835743
1709908669.92725,39.707356791028985
1709908669.9355123,39.8740401153068
1709908669.9436762,40.42509194291271
1709908669.951946,39.252513024624925
1709908669.960227,40.39959089106553
1709908669.9683096,39.64244543001742
1709908669.9764073,39.658441399530645
1709908669.9844828,40.024727470071376
1709908669.992752,39.31162873729338
1709908670.0010173,39.88053125140795
1709908670.0090845,39.72822117484855
1709908670.0172586,39.86847621324241
1709908670.025485,39.98137573171554
1709908670.0335786,39.976043824851764
1709908670.0417037,39.190615360924276
1709908670.0498447,39.281723261541075
1709908670.0580084,38.54289197955906
1709908670.0662763,91.33049844457115
1709908670.074551,-191.11424954717944
1709908670.0828214,141.8457407945584
1709908670.0911005,-17.097572411278676
1709908670.0993826,-109.05088768451982
1709908670.1076577,37.7407720583603
1709908670.1159217,-25.69625198567805
1709908670.1241968,-6.605333572040042
1709908670.1323493,59.587412853663444
1709908670.1404083,-73.91177470071969
1709908670.1484835,17.492343461910963
1709908670.1567698,-0.4306327014668828
1709908670.165047,-43.80770309119004
1709908670.1733215,46.951705387386305
1709908670.1816022,-71.07746294916073
1709908670.18988,23.5671270862133
1709908670.1981497,-2.9756247816622072
1709908670.206452,-40.80091236701017
1709908670.21463,54.34140918272254
1709908670.2227297,11.829283860857453
1709908670.2308831,24.984514708271494
1709908670.239049,-12.649747730188853
1709908670.2472334,25.930830848133684
1709908670.2554996,-16.989309560833163
1709908670.2636635,2.703430788904528
1709908670.2719302,-3.6998510696470923
1709908670.2801974,-10.045407942124465
1709908670.2884693,11.899063636175356
1709908670.2965972,-14.570431017592004
1709908670.3047543,0.6670660319960503
1709908670.3130276,-4.8800801043515225
1709908670.3212996,7.321879725619846
1709908670.3293622,8.193083934378462
1709908670.3376353,-6.952841473113465
1709908670.3459058,12.895222401572651
1709908670.3540714,-7.410235444270997
1709908670.3623254,-5.228051746904275
1709908670.3703914,-0.08660199026181425
1709908670.378463,-7.283194424358173
1709908670.3867378,5.505518606236414
1709908670.3950157,-9.826795529037401
1709908670.4031806,10.031468666818833
1709908670.4114547,3.8792551507819484
1709908670.419725,1.347940830546985
1709908670.4278781,7.687470308402528
1709908670.4360335,-11.874983328910814
1709908670.444313,8.142082328527867
1709908670.4524176,-13.517242753878508
1709908670.4606977,5.913301449215672
1709908670.4688616,2.03785672103066
1709908670.4771318,-9.771852742917234
1709908670.4854138,14.227066025078436
1709908670.4936926,-13.287502785584559
1709908670.5018578,16.491548028486047
1709908670.510135,1.368109726608502
1709908670.5184188,1.9265799243523434
1709908670.5265033,8.916151242047858
1709908670.5346205,12.983548351157257
1709908670.5426798,-10.515784185484309
1709908670.5507686,3.058589055316485
1709908670.5588477,2.86501395259728
1709908670.5669255,-8.11104714368284
1709908670.5750825,9.891909116183024
1709908670.5832713,-7.096342204018845
1709908670.5915377,10.961788837167797
1709908670.5998077,-0.9443604342606782
1709908670.6080735,-1.301836910225501
1709908670.6163428,5.191625365984262
1709908670.6244285,-10.126083775292425
1709908670.6325107,5.271837457672894
1709908670.6406653,-6.528598919141652
1709908670.6488261,0.8286491956888024
1709908670.6570997,0.19529906204199698
1709908670.6653717,-2.3863216252074015
1709908670.6736486,4.338503590013016
1709908670.6819205,-3.9683061082692612
1709908670.6902003,4.4423620165534095
1709908670.6984687,-1.9407509459366936
1709908670.7067385,0.255110262468502
1709908670.7149003,-0.3381338253339876
1709908670.723179,-3.8250373725644904
1709908670.7313156,1.7248907148152757
1709908670.7395961,-5.366684063503315
1709908670.7478738,2.6299418285176626
1709908670.7561505,-2.2583533712578086
1709908670.7643425,0.1913578817724263
1709908670.7726114,1.4214297909338505
1709908670.7808933,-1.3690667297118195
1709908670.7891717,4.039215592679882
1709908670.7973251,-2.6165255839025687
1709908670.8054066,2.2367639795355343
1709908670.8136868,-2.3805259768642935
1709908670.8219643,-2.3204830301590684
1709908670.8302362,-0.13482189400210315
1709908670.8385203,-3.8554065897961265
1709908670.8466463,2.1815891982147595
1709908670.854774,2.9403576299795717
1709908670.8628516,1.51786959841443
1709908670.8710158,0.8567002033675726
1709908670.8791711,3.7823516018220413
1709908670.887316,-1.0669965324246016
1709908670.8955827,2.510551173943371
1709908670.9037466,-1.9569789106505298
1709908670.9120092,0.02768850372741795
1709908670.9201653,-0.25514003153505044
1709908670.9284365,-1.0486823533585092
1709908670.9365091,2.507537227710569
1709908670.9447799,-0.7350211083069667
1709908670.953054,2.4583900899335114
1709908670.9612455,0.473027187797516
1709908670.9693089,1.024774503161481
1709908670.9773834,1.1397604849087608
1709908670.985656,-1.6314943737121597
1709908670.9939308,0.43431236639118687
1709908671.0022142,-2.2391117092330592
1709908671.010315,-0.2811045759396763
1709908671.0184112,-0.26789055745864354
1709908671.0264888,-0.23821657906316684
1709908671.034564,1.0565346959092157
1709908671.042713,-0.3010417257224734
1709908671.0508926,1.2336503365577545
1709908671.0590403,-0.23566662323158108
1709908671.0673373,0.036034107902110916
1709908671.075599,-0.30196895975924254
1709908671.0838735,-1.4413964608613081
1709908671.091969,-0.4862709753450973
1709908671.1001196,-1.7226022743289597
1709908671.1083925,0.10743685393672005
1709908671.1164672,-0.7060426176695376
1709908671.1245425,0.10326392738842953
1709908671.1327016,0.565294317651693
1709908671.1408646,-0.33906130829264475
1709908671.1490278,1.0041418656206347
1709908671.1573133,-0.8360973348932746
1709908671.1655912,0.13154668134592132
1709908671.173755,-1.2058608442242509
1709908671.1820362,-1.1690002419695684
1709908671.1903179,-0.40350892782487996
1709908671.198428,-1.3301199131048809
1709908671.206618,0.8024529050054566
1709908671.2147331,1.1775483212002107
1709908671.222846,0.3918881109940051
1709908671.2310011,0.37705112179626593
1709908671.2392647,0.8172896452813061
1709908671.2475297,-0.8061918591409662
1709908671.2557955,0.4869369429584861
1709908671.2640612,-1.067692020182651
1709908671.2723324,0.31584894585366413
1709908671.2806072,-0.002912708704827843
1709908671.28876,0.5404887535625544
1709908671.2969034,1.4517990081654883
1709908671.3051732,0.43408037119057724
1709908671.3134427,1.7343957971492352
1709908671.32172,0.03464313238601408
1709908671.3299868,0.7702289707783941
1709908671.3382642,-0.26000844584139027
1709908671.3465476,-0.531013689217033
1709908671.3548288,-0.15545453154294955
1709908671.3631074,-1.0442776805314988
1709908671.3713863,0.4785910898619051
1709908671.379661,-0.48348927323479163
1709908671.3879416,0.8311994004422761
1709908671.3962185,0.3420452365370098
1709908671.4045007,0.41947537719344763
1709908671.4127796,0.5145242091579286
1709908671.4209442,-0.62814898445566
1709908671.4292428,-0.058782977783650214
1709908671.4374096,-1.3414792145904872
1709908671.4456909,-0.5043536570543579
1709908671.4538534,-1.1386310247379323
1709908671.4620101,-0.553269048552696
1709908671.4702933,-0.0666650894009052
1709908671.4785688,-0.2771633956701056
1709908671.4866753,0.7169089064530456
1709908671.4947913,0.5907951205769895
1709908671.5029001,-0.35899820915355385
1709908671.5111792,-0.33790207905526776
1709908671.5193143,-0.4547427777979721
1709908671.5273762,-0.9269734892313549
1709908671.5354512,-0.027022536114027416
1709908671.5435874,-0.5827110317475648
1709908671.5517411,0.4811412946153789
1709908671.5598855,0.14823813861719531
1709908671.5680327,0.7078675655984137
1709908671.5761883,0.7236317888329219
1709908671.5844612,0.37102347825254917
1709908671.592735,0.5761901265798599
1709908671.6010122,-0.3105465591345451
1709908671.6092837,0.09816376680336991
1709908671.6174095,-0.535881854601483
1709908671.6254752,-0.06898329895376945
1709908671.633658,0.03557061534467125
1709908671.641931,0.17605740001724743
1709908671.6501908,0.7108812629093288
1709908671.658465,0.3680097809416356
1709908671.6667428,0.8777965823877484
1709908671.67502,0.3079668342364108
1709908671.683183,0.41808440167735084
1709908671.69146,-0.03513664293189031
1709908671.6997368,-0.2875957120408328
1709908671.708015,-0.22778451161432778
1709908671.7162914,-0.39400409441281
1709908671.7245748,0.10395941514647711
1709908671.7328527,0.05504402364814063
1709908671.741006,0.4600449155952031
1709908671.7492874,0.19506731576327715
1709908671.7575703,0.23563685416503258
1709908671.7657254,0.10001823487690642
1709908671.7740011,-0.24192576413212794
1709908671.7821655,-0.2525898267815766
1709908671.7903166,-0.6819327902603363
1709908671.798606,-0.4860392290663774
1709908671.806703,-0.26093567987815763
1709908671.8147824,-0.15846822885386305
1709908671.8228939,0.052262072615946946
1709908671.8310535,0.18301227759773334
1709908671.8393168,0.026297528211321107
1709908671.8475833,0.08889067967001978
1709908671.8558507,-0.24308499336950495
1709908671.8641186,-0.2801773419029072
1709908671.8723865,-0.5108447931555143
1709908671.880565,-0.3946995821708592
1709908671.8888328,-0.2901459167943066
1709908671.897103,-0.05414630975603195
1709908671.905284,0.20874507572363765
1709908671.913554,0.32767198881860005
1709908671.9217088,0.564135088414316
1709908671.9298673,0.31654443361171336
1709908671.9381366,0.31863089688585783
1709908671.946313,-0.017285956423237603
1709908671.9544034,-0.06017395329974874
1709908671.96268,-0.20784736183152897
1709908671.970957,-0.24841690023328442
1709908671.9791138,-0.009635591084704138
1709908671.9873905,0.00010098860608567269
1709908671.9956663,0.36360510811462526
1709908672.0039406,0.37334193672730487
1709908672.012105,0.5031646587504324
1709908672.0203745,0.3782101021117549
1709908672.0284364,0.23215941537478965
1709908672.0365078,0.05573951140618821
1709908672.0446568,-0.22847999937237534
1709908672.0529125,-0.13459014772338332
1709908672.0610669,-0.2936231066626598
1709908672.069334,-0.0407002960743896
1709908672.077493,-0.05924647034108988
1709908672.0857787,0.14197899771664846
1709908672.0940578,0.17304370270633393
1709908672.1023276,0.18185304836035462
1709908672.1104276,0.22798648882649913
1709908672.1185095,-0.08103833711931496
1709908672.1266317,-0.08103833711931496
1709908672.1347106,-0.3216741143414317
1709908672.1428065,-0.41370924899499917
1709908672.1509602,-0.24146227157468828
1709908672.159127,-0.06991053299053855
1709908672.167332,-0.06110118733651615
1709908672.175517,0.201326456663824
1709908672.183681,0.015865211840592273
1709908672.191948,0.15565675767700896
1709908672.2001195,-0.10885734959747731
1709908672.2083871,-0.10329369645497802
1709908672.21651,-0.27090425476955704
1709908672.2247822,-0.35644825332196806
1709908672.2330503,-0.21712044896488078
1709908672.241324,-0.24864889543389398
1709908672.2494936,0.1700300053954204
1709908672.257765,0.0715037346406965
1709908672.266032,0.3202536186806745
1709908672.2741847,0.25371928695240514
1709908672.282459,0.1591341964672519
1709908672.2907345,0.18023032656553795
1709908672.299001,-0.08961568757272777
1709908672.307277,0.010997046456142247
1709908672.3155522,-0.1953288311085455
1709908672.3238306,-0.004999171978973947
1709908672.3319867,0.042988985482595124
1709908672.3402693,0.21361324110808935
1709908672.348547,0.3742691707640723
1709908672.3568301,0.30541662948293696
1709908672.3651075,0.3765873803169382
1709908672.3733847,0.16655256660517745
1709908672.3816562,0.13247416430457848
1709908672.3899343,-0.09239763860492145
1709908672.3982444,-0.11140755435095116
1709908672.4063203,-0.21062931286372433
1709908672.4146037,-0.15081811243721766
1709908672.4227507,-0.05321907571926285
1709908672.4308243,0.17049349795286006
1709908672.4389665,0.055275769926860466
1709908672.447131,0.10790034649415972
1709908672.4553194,-0.04417773486463254
1709908672.463384,-0.15684550705904637
1709908672.4714475,-0.20692012779476154
1709908672.4795964,-0.4048999033409768
1709908672.4877515,-0.23543462803097148
1709908672.4959042,-0.32121062178399207
1709908672.5040588,-0.0970343066325414
1709908672.512234,-0.11604397345668135
1709908672.5204113,-0.002912708704827843
1709908672.5284739,0.0715037346406965
1709908672.536625,0.027456508526808355
1709908672.544768,0.010069563497485078
1709908672.5529318,-0.12137612924235057
1709908672.561105,-0.11859417821015689
1709908672.569276,-0.19973350393555583
1709908672.57734,-0.11117555915034157
1709908672.5854154,-0.09772979439058897
1709908672.5934908,0.03464313238601408
1709908672.6016383,0.109755063489586
1709908672.6098003,0.20990405603912657
1709908672.6179671,0.32210808675421265
1709908672.6261296,0.1433699732327453
1709908672.6343026,0.2082813342443099
1709908672.642408,0.039279800413634026
1709908672.6504831,-0.02122688777092022
1709908672.6585977,-0.03675936472670699
1709908672.6667502,-0.08868845353595867
1709908672.6749165,0.054348535890091365
1709908672.6830812,0.04437996099869196
1709908672.6912692,0.2358686004437524
1709908672.6993234,0.1962262960787644
1709908672.7073948,0.21059954379717585
1709908672.7154665,0.15542476247640105
1709908672.7236054,0.05597125768490804
1709908672.731752,0.020501879868212225
1709908672.7399137,-0.1204486462836934
1709908672.7480743,-0.0666650894009052
1709908672.7562563,-0.1886056998067794
1709908672.7643151,-0.024704326561163163
1709908672.772413,-0.029340994588783115
1709908672.780488,0.09677279128727308
1709908672.7885966,0.09561356204989607
1709908672.7967556,0.031165942517659206
1709908672.804918,0.05573951140618821
1709908672.8131995,-0.09564333111644456
1709908672.8213189,-0.07014227926925838
1709908672.8295982,-0.25119885126547975
1709908672.8377519,-0.17376895953093
1709908672.8460333,-0.2043699230412877
1709908672.8541963,-0.14386323485673347
1709908672.8624845,-0.041395783832438866
1709908672.870629,-0.042091271590486444
1709908672.878736,0.042293497724547546
1709908672.8868475,0.0388160589343046
1709908672.895023,-0.10051174542278435
1709908672.9031765,-0.08567475622504515
1709908672.9113173,-0.09749779918998107
1709908672.919414,-0.10885734959747731
1709908672.9275131,-0.013113029874947084
1709908672.9356604,-0.024936072839883
1709908672.943809,0.14151525623731903
1709908672.951978,0.12806924255567836
1709908672.9602475,0.20318117365925029
1709908672.9683104,0.1837077653557809
1709908672.9764092,0.134328632378115
1709908672.984484,0.09561356204989607
1709908672.9925592,-0.016358722386470192
1709908673.000831,0.05481202844753104
1709908673.0091062,-0.08752947322047142
1709908673.017303,0.08263128984758315
1709908673.025398,0.0033466811176087814
1709908673.033501,0.12598302820342203
1709908673.0416553,0.20318117365925029
1709908673.0498078,0.11485522407464561
1709908673.0579703,0.14151525623731903
1709908673.0662587,-0.005926406015741359
1709908673.074528,0.012619768250958922
1709908673.0826745,-0.13528563548143088
1709908673.090948,-0.09471609707967546
1709908673.0991104,-0.11905767076759487
1709908673.107302,-0.10213446721760101
1709908673.1154125,-0.0047671767783643544
1709908673.1236923,-0.033977413694513306
1709908673.1318696,0.058521462438383576
1709908673.1401467,-0.02864550683073385
1709908673.148336,0.0005647300854151009
1709908673.1566133,-0.05414630975603195
1709908673.1648915,-0.06759232343767262
1709908673.173056,-0.1600911995705695
1709908673.1813304,-0.18049184191080628
1709908673.1896126,-0.0910066630888246
1709908673.1978962,-0.11326202242448767
1709908673.2060585,-0.020531400012870956
1709908673.2143424,0.031861430275708466
1709908673.2225997,0.08842693819069035
1709908673.2306852,0.011692285292301752
1709908673.23878,-0.014504005391043923
1709908673.2468703,-0.07477894729687834
1709908673.254982,-0.06527411388480667
1709908673.263138,-0.06991053299053855
1709908673.2713006,-0.012649288395617655
1709908673.2794003,-0.011722054358850244
1709908673.2874758,0.08749970415392293
1709908673.2957394,0.1009457178355636
1709908673.3039021,0.07660389522575443
1709908673.312164,0.16307512781493452
1709908673.3204114,0.023747323457845575
1709908673.3285909,0.06269414006478434
1709908673.3367445,-0.05716000706694547
1709908673.3450115,-0.026790789835307582
1709908673.3532822,-0.037918593964083994
1709908673.3615525,-0.013576771354276512
1709908673.3698225,0.07011275912459797
1709908673.3780928,0.05411678961137153
1709908673.386278,0.1234328234499465
1709908673.3944075,0.07359019791484091
1709908673.4025536,0.09561356204989607
1709908673.4107077,0.03464313238601408
1709908673.4189708,-0.005926406015741359
1709908673.4272444,-0.048582407691642904
1709908673.4354308,-0.1058436522865638
1709908673.4437096,-0.051828100203166014
1709908673.4519908,-0.08868845353595867
1709908673.460268,-0.006390147495070788
1709908673.4685457,-0.07941536640260853
1709908673.476824,-0.014967746870373352
1709908673.4850922,-0.016822214943909862
1709908673.4933722,-0.006853640052510458
1709908673.5014439,-0.053450821997982685
1709908673.509727,-0.1125665346664384
1709908673.517993,-0.11117555915034157
1709908673.5261414,-0.14548595665155015
1709908673.534327,-0.07547443505492592
1709908673.5424151,-0.0970343066325414
1709908673.55049,0.014937977803824862
1709908673.5585587,-0.014967746870373352
1709908673.5666814,-0.014967746870373352
1709908673.5747924,0.0024194470808396825
1709908673.5829859,0.014706231525105027
1709908673.5911462,-0.038150340242803824
1709908673.5993195,-0.021458882971529813
1709908673.607441,-0.02864550683073385
1709908673.6157184,-0.0012899869100111677
1709908673.6239803,0.07289471015679333
1709908673.632266,0.06988076392399006
1709908673.6405356,0.10372766886775728
1709908673.6486359,0.09028165518611661
1709908673.6569116,0.1185644091436084
1709908673.6651888,0.023515577179125738
1709908673.6734624,0.061766906028016925
1709908673.68174,0.030933947317051298
1709908673.6900167,-0.014040263911714496
1709908673.6983004,-0.03699111100542682
1709908673.706576,-0.003608196462877107
1709908673.7148497,0.023747323457845575
1709908673.723013,0.026529274490040944
1709908673.7312825,0.05898495499582324
1709908673.7395635,0.010069563497485078
1709908673.7478397,0.05481202844753104
1709908673.7560022,0.023051835699797997
1709908673.7642703,-0.08567475622504515
1709908673.7723193,-0.037918593964083994
1709908673.7805989,-0.10978483255613448
1709908673.788875,-0.04417773486463254
1709908673.7971585,-0.06643309420029561
1709908673.8054302,-0.0240088388031139
1709908673.8137128,-0.007317381531839887
1709908673.8219922,0.007519607665899303
1709908673.8302736,0.03580236162339109
1709908673.8385549,-0.04440973006524045
1709908673.846691,-0.008476610769216892
1709908673.8548057,-0.10143897945955176
1709908673.8629324,-0.06828781119572187
1709908673.871097,-0.0961070725957723
1709908673.879301,-0.042323266791096034
1709908673.8875754,-0.012185795838177985
1709908673.895841,0.014937977803824862
1709908673.904105,0.034875127586621986
1709908673.9123933,0.07359019791484091
1709908673.9204683,-0.01102656660080098
1709908673.9285402,0.008910583181996144
1709908673.9368224,0.016328953319921704
1709908673.94509,-0.052523587961213584
1709908673.9533617,0.010301558698092983
1709908673.9616387,-0.042091271590486444
1709908673.96991,0.042988985482595124
1709908673.978073,0.04623467799411823
1709908673.9862487,0.06825804212917339
1709908673.9945214,0.03417963982857441
1709908674.0027924,0.031861430275708466
1709908674.0109584,0.05898495499582324
1709908674.0191255,0.020501879868212225
1709908674.0273364,0.008446841702668401
1709908674.0356157,-0.0407002960743896
1709908674.043767,0.006128632149802462
1709908674.0519195,0.010997046456142247
1709908674.060086,0.03417963982857441
1709908674.068366,0.03649784938143866
1709908674.0766444,0.008910583181996144
1709908674.0848098,0.06130341347057725
1709908674.0929658,-0.019604165976103545
1709908674.1012452,-0.014967746870373352
1709908674.1095219,-0.039541315758900665
1709908674.1176298,-0.040468549795669766
1709908674.1259074,-0.05275533423993342
1709908674.1340632,-0.08637024398309441
1709908674.142351,-0.0643466309261495
1709908674.150605,-0.06179667509456541
1709908674.1587172,-0.06017395329974874
1709908674.1667984,0.0014919641221825132
1709908674.174955,-0.05716000706694547
1709908674.183064,-0.035832130689939574
1709908674.1912484,-0.058782977783650214
1709908674.1995132,-0.08567475622504515
1709908674.2076652,-0.04510521782328972
1709908674.2159326,-0.07570618133364575
1709908674.2242005,-0.008244615568607299
1709908674.2324688,-0.037918593964083994
1709908674.2407572,0.019110904352115383
1709908674.248919,-0.017285956423237603
1709908674.257077,0.07660389522575443
1709908674.2653484,0.03278866431247757
1709908674.2736225,-0.010794820322081145
1709908674.2818942,0.03139768879637904
1709908674.29006,-0.008244615568607299
1709908674.2982204,0.017256187356689115
1709908674.306318,-0.025168068040490904
1709908674.3145962,0.03371589834924498
1709908674.322871,0.055275769926860466
1709908674.3311512,0.041366263687778446
1709908674.3394268,0.09028165518611661
1709908674.3476999,0.05481202844753104
1709908674.3559635,0.04623467799411823
1709908674.3642375,-0.012881283596227248
1709908674.3725135,-0.0047671767783643544
1709908674.3806129,-0.018213190460006703
1709908674.3887665,-0.026095302077260005
1709908674.3970482,-0.026095302077260005
1709908674.405215,-0.021458882971529813
1709908674.4133155,0.021892855384309063
1709908674.4214163,0.007519607665899303
1709908674.429695,0.031165942517659206
1709908674.437971,-0.0017534794674508385
1709908674.446254,0.016328953319921704
1709908674.454315,-0.037223106206036416
1709908674.462438,-0.04487322262268012
1709908674.4706144,-0.024936072839883
1709908674.478699,-0.013113029874947084
1709908674.486794,-0.031659204141647364
1709908674.4949048,0.016328953319921704
1709908674.5030582,-0.021922375528969484
1709908674.5112236,-0.009635591084704138
1709908674.5193114,-0.00036250395135399804
1709908674.5273726,-0.04626419813877696
1709908674.5354376,0.008446841702668401
1709908674.5435703,-0.03490464773128241
1709908674.5517278,-0.02308160476634649
1709908674.5598722,0.006360378428522297
1709908674.5681412,-0.00013075767263416268
1709908674.576318,-0.004535430499644519
1709908674.5846064,0.026529274490040944
1709908674.5928762,0.029311225522234623
1709908674.6011438,0.0033466811176087814
1709908674.609341,0.03974354189296177
1709908674.6176107,0.006592124707242133
1709908674.625875,-0.01102656660080098
1709908674.6341407,-0.016822214943909862
1709908674.6424103,0.03325215686991724
1709908674.6506834,0.05040735562052068
1709908674.6588533,-0.017285956423237603
1709908674.667134,0.03858431265558476
1709908674.6754415,0.020269884667604317
1709908674.6837199,0.03394764462796482
1709908674.6919985,0.0007964763641349362
1709908674.7002742,0.02444281121589484
1709908674.7083492,0.010301558698092983
1709908674.71663,-0.014735751669763758
1709908674.7249064,0.03858431265558476
1709908674.733182,-0.05785549482499304
1709908674.7414124,-0.020067907455432972
1709908674.7496815,0.0010284715647428423
1709908674.7579665,-0.03861408172213326
1709908674.7662487,-0.005694659737021524
1709908674.7745323,-0.038150340242803824
1709908674.7826214,-0.012185795838177985
1709908674.7907166,-0.005462664536413618
1709908674.798796,-0.04162777903304677
1709908674.806949,-0.06573760644224634
1709908674.8150594,-0.054378056034751786
1709908674.8232255,-0.020067907455432972
1709908674.831491,-0.002680962426108008
1709908674.8396575,-0.008708357047936727
1709908674.8479207,0.014474236324495434
1709908674.8561895,0.020965372425651895
1709908674.864469,0.060839671991247825
1709908674.8726041,-0.02655904355658943
1709908674.8807664,0.02003813838888448
1709908674.8889356,0.014010743767055764
1709908674.897217,0.006360378428522297
1709908674.905278,0.0033466811176087814
1709908674.913398,-0.006853640052510458
1709908674.9214735,0.03232492283314814
1709908674.9297478,0.02768850372741795
1709908674.9379117,0.034875127586621986
1709908674.946183,0.08935442114934751
1709908674.9544544,0.03649784938143866
1709908674.96273,0.0221246016630289
1709908674.9710073,0.018183670315346283
1709908674.979172,-0.014504005391043923
1709908674.98743,-0.012649288395617655
1709908674.995502,0.02003813838888448
1709908675.0035744,-0.027022536114027416
1709908675.0117338,0.02397931865845517
1709908675.0198958,-0.015894980907140765
1709908675.028042,0.034875127586621986
1709908675.0361986,0.024674806416502746
1709908675.044301,-0.028413511630125943
1709908675.0523667,-0.019604165976103545
1709908675.0604424,-0.07014227926925838
1709908675.0685294,-0.020067907455432972
1709908675.0766847,0.03371589834924498
1709908675.0848472,0.01563346556187244
1709908675.0930095,-0.014735751669763758
1709908675.101285,-0.008244615568607299
1709908675.1093602,0.023747323457845575
1709908675.1175084,0.012851514529678759
1709908675.1256077,0.0010284715647428423
1709908675.1338708,-0.019604165976103545
1709908675.1421528,-0.03513664293189031
1709908675.1503212,-0.03235469189969663
1709908675.1586044,-0.015894980907140765
1709908675.1666903,-0.004071689020316778
1709908675.1747966,0.022820089421078164
1709908675.1828742,-0.022154370729577388
1709908675.191039,0.07289471015679333
1709908675.1993039,-0.011953800637570079
1709908675.2074692,0.05481202844753104
1709908675.2156332,-0.012649288395617655
1709908675.2238994,-0.020067907455432972
1709908675.2320929,0.011692285292301752
1709908675.2403617,-0.014504005391043923
1709908675.2486355,-0.007317381531839887
1709908675.2567863,0.002651193359559518
1709908675.2650626,-0.004535430499644519
1709908675.273333,0.028383991485465523
1709908675.2816088,0.01192428049290966
1709908675.2897923,-0.008244615568607299
1709908675.298068,0.017719928836018542
1709908675.3063483,-0.01102656660080098
1709908675.3146226,-0.00013075767263416268
1709908675.3228958,-0.0031444549835476787
1709908675.3311727,-0.03884582800085309
1709908675.3394482,0.03974354189296177
1709908675.347722,0.020269884667604317
1709908675.3560042,-0.011258312879520815
1709908675.3642805,0.001723959322792106
1709908675.372559,0.020965372425651895
1709908675.3808343,0.020269884667604317
1709908675.3891115,-0.017285956423237603
1709908675.397316,-0.02864550683073385
1709908675.4055948,-0.017285956423237603
1709908675.4138777,-0.024240834003723493
1709908675.422156,-0.04487322262268012
1709908675.430471,-0.03212269669908704
1709908675.4385529,-0.039541315758900665
1709908675.446672,-0.039541315758900665
1709908675.4548814,-0.018676931939334444
1709908675.4630606,0.009142329460715979
1709908675.4713254,-0.04162777903304677
1709908675.4795957,-0.048814402892252494
1709908675.4878607,-0.05090086616639691
1709908675.4961252,-0.06481037240547893
1709908675.5042841,-0.013113029874947084
1709908675.5123465,-0.05461005123535969
1709908675.520467,0.009374075739435814
1709908675.5286002,-0.030731970104879953
1709908675.536711,0.03951154669235386
1709908675.5448644,-0.024240834003723493
1709908675.5531347,0.02003813838888448
1709908675.5612311,-0.0008262454306834263
1709908675.5694156,-0.011953800637570079
1709908675.5776873,0.006360378428522297
1709908675.5859535,-0.014735751669763758
1709908675.59424,0.05156658485789768
1709908675.6025195,-0.02308160476634649
1709908675.6107967,0.010765051255532654
1709908675.6190736,0.023515577179125738
1709908675.627346,-0.01751770270195744
1709908675.6354325,0.003578427396328617
1709908675.6435075,-0.021922375528969484
1709908675.6516097,-0.007549127810559722
1709908675.6598864,0.013547002287728021
1709908675.6681645,-0.03142745786292753
1709908675.676442,0.018183670315346283
1709908675.6847222,-0.0017534794674508385
1709908675.6929908,-0.00013075767263416268
1709908675.7012684,0.03510687386534182
1709908675.7093153,-0.03351367221518388
1709908675.7175915,-0.01844493673872654
1709908675.7257652,0.016328953319921704
1709908675.7340465,-0.024240834003723493
1709908675.742333,0.023051835699797997
1709908675.7506151,-0.012649288395617655
1709908675.7587106,-0.05043712468706917
1709908675.766808,-0.042091271590486444
1709908675.7749035,0.002651193359559518
1709908675.7830853,-0.0240088388031139
1709908675.7913513,-0.028877253109453684
1709908675.799534,-0.0008262454306834263
1709908675.8077133,-0.02864550683073385
1709908675.815986,0.0028829396382793536
1709908675.8242536,-0.04348224710658328
1709908675.8324323,-0.013808517632996347
1709908675.8406084,-0.017285956423237603
1709908675.848877,-0.037918593964083994
1709908675.8571506,0.026529274490040944
1709908675.865428,-0.046959685896826225
1709908675.8736975,0.00010098860608567269
1709908675.8819954,0.0010284715647428423
1709908675.890188,0.02444281121589484
1709908675.8983138,0.0028829396382793536
1709908675.9065933,-0.013808517632996347
1709908675.9148662,0.0028829396382793536
1709908675.9231458,0.019342650630835217
1709908675.9313047,-0.01102656660080098
1709908675.9393716,0.005201149191145293
1709908675.94765,0.04391621951936422
1709908675.955928,-0.017749448980677276
1709908675.9642148,0.019110904352115383
1709908675.972495,0.02490655269522258
1709908675.9806054,0.055275769926860466
1709908675.9888835,0.010301558698092983
1709908675.997163,-0.014504005391043923
1709908676.005445,0.0378888248975355
1709908676.013529,0.006592124707242133
1709908676.0217097,0.015865211840592273
1709908676.0298615,0.003578427396328617
1709908676.0379558,-0.013576771354276512
1709908676.0461066,0.007287612465291396
1709908676.054176,0.003578427396328617
1709908676.0623083,0.04716191203088733
1709908676.0704606,-0.037223106206036416
1709908676.0786922,0.009837817218765242
1709908676.0869493,-0.052291841682493755
1709908676.0950794,-0.03212269669908704
1709908676.1032224,-0.0397730620376205
1709908676.1113148,0.006128632149802462
1709908676.1194172,-0.010099332564033567
1709908676.127711,0.009374075739435814
1709908676.1358378,0.008910583181996144
1709908676.1441042,-0.011953800637570079
1709908676.1523063,-0.03699111100542682
1709908676.1604078,0.03858431265558476
1709908676.1685178,-0.015894980907140765
1709908676.176787,0.00010098860608567269
1709908676.1850562,-0.024936072839883
1709908676.1933262,0.04414821471997213
1709908676.2014003,0.029079479243514787
1709908676.2096722,0.029079479243514787
1709908676.2179391,0.021429113904981322
1709908676.2262115,0.04437996099869196
1709908676.2344875,0.017256187356689115
1709908676.2427607,0.012619768250958922
1709908676.2510362,0.019342650630835217
1709908676.2593153,0.060839671991247825
1709908676.2675903,0.020965372425651895
1709908676.2758672,0.008446841702668401
1709908676.2841485,0.006592124707242133
1709908676.2924285,0.010765051255532654
1709908676.3005037,0.005201149191145293
1709908676.308787,-0.0031444549835476787
1709908676.31707,0.006592124707242133
1709908676.3253503,-0.0010579917094032617
1709908676.3336306,-0.0010579917094032617
1709908676.3419075,0.003578427396328617
1709908676.350192,0.015865211840592273
1709908676.3584938,0.008215095423948566
1709908676.3666463,-0.020995141492200383
1709908676.374754,0.01563346556187244
1709908676.3828332,0.03371589834924498
1709908676.3909976,-0.013113029874947084
1709908676.3991532,-0.012185795838177985
1709908676.4073353,-0.0047671767783643544
1709908676.415446,-0.005694659737021524
1709908676.4237154,-0.04348224710658328
1709908676.4319856,-0.03699111100542682
1709908676.4402714,-0.010099332564033567
1709908676.448541,0.009142329460715979
1709908676.4568093,-0.008476610769216892
1709908676.4650788,0.02003813838888448
1709908676.4732556,-0.021458882971529813
1709908676.4815247,0.026297528211321107
1709908676.4897916,0.006592124707242133
1709908676.497866,-0.022154370729577388
1709908676.5060296,-0.0012899869100111677
1709908676.514199,-0.01751770270195744
1709908676.522259,-0.0017534794674508385
1709908676.530307,0.006592124707242133
1709908676.5383768,-0.02308160476634649
1709908676.5464473,-0.006853640052510458
1709908676.554594,0.00010098860608567269
1709908676.5627491,-0.01844493673872654
1709908676.5709138,0.03394764462796482
1709908676.579076,0.002651193359559518
1709908676.5872512,0.010765051255532654
1709908676.5953233,-0.0038399427415969425
1709908676.6034133,0.03394764462796482
1709908676.6114848,0.003810422596936523
1709908676.6195698,-0.016822214943909862
1709908676.6277215,-0.007549127810559722
1709908676.6358864,0.016560699598641537
1709908676.6440535,0.005664890670473034
1709908676.652219,0.0033466811176087814
1709908676.6603136,-0.024704326561163163
1709908676.6683865,-0.020995141492200383
1709908676.676462,-0.004535430499644519
1709908676.684538,-0.0031444549835476787
1709908676.6926923,-0.023777092524394066
1709908676.7008593,-0.003608196462877107
1709908676.7090237,-0.025863555798540168
1709908676.7171926,0.026297528211321107
1709908676.7253163,-0.004999171978973947
1709908676.7334108,-0.05043712468706917
1709908676.741487,-0.00013075767263416268
1709908676.7497642,-0.026095302077260005
1709908676.7579331,-0.015663234628420928
1709908676.766096,-0.03420915997323314
1709908676.774384,-0.03351367221518388
1709908676.782695,-0.01751770270195744
1709908676.7907965,0.004273915154376194
1709908676.7988954,-0.02864550683073385
1709908676.806991,-0.006853640052510458
1709908676.815159,0.016792694799249445
1709908676.8233109,0.012851514529678759
1709908676.8313746,-0.0407002960743896
1709908676.8394363,-0.0012899869100111677
1709908676.847583,-0.0008262454306834263
1709908676.855752,-0.011722054358850244
1709908676.8639042,0.012851514529678759
1709908676.872064,0.01192428049290966
1709908676.8802204,0.006592124707242133
1709908676.8883204,-0.027022536114027416
1709908676.8964112,0.029079479243514787
1709908676.9044867,0.029311225522234623
1709908676.9125967,0.004273915154376194
1709908676.920748,0.03232492283314814
1709908676.9289117,0.0007964763641349362
1709908676.9370775,0.029311225522234623
1709908676.9452465,-0.05785549482499304
1709908676.9533415,0.007983100223338974
1709908676.961417,0.011692285292301752
1709908676.969492,-0.019140424496774115
1709908676.977567,0.012156026771629495
1709908676.985724,-0.011722054358850244
1709908676.9938889,0.007983100223338974
1709908677.0020545,-0.012185795838177985
1709908677.0101347,-0.048582407691642904
1709908677.0183434,-0.03768659876347608
1709908677.0264113,0.003810422596936523
1709908677.0344887,-0.033977413694513306
1709908677.0426192,0.013778748566447858
1709908677.050785,-0.04394598858591271
1709908677.0589466,0.0007964763641349362
1709908677.0671117,0.02768850372741795
1709908677.075282,-0.03212269669908704
1709908677.0834148,0.006592124707242133
1709908677.0914867,-0.005926406015741359
1709908677.0996327,0.04159800996649828
1709908677.107793,-0.010794820322081145
1709908677.115958,-0.04301875454914361
1709908677.124119,0.012156026771629495
1709908677.132283,-0.03606387696865941
1709908677.1403496,0.038352566376864926
1709908677.1484067,0.017256187356689115
1709908677.1564822,-0.00036250395135399804
1709908677.1645567,0.021892855384309063
1709908677.172711,-0.0010579917094032617
1709908677.180991,-0.011953800637570079
1709908677.1891534,0.011692285292301752
1709908677.1974294,-0.010794820322081145
1709908677.2055798,0.0010284715647428423
1709908677.213733,0.0014919641221825132
1709908677.2218983,-0.012649288395617655
1709908677.2301817,-0.010099332564033567
1709908677.238543,0.0378888248975355
1709908677.2466085,-0.0012899869100111677
1709908677.2546923,-0.0012899869100111677
1709908677.2628226,0.01841541659406612
1709908677.2709012,-0.0240088388031139
1709908677.2791946,0.018647162872785956
1709908677.287464,-0.0038399427415969425
1709908677.295726,-0.010099332564033567
1709908677.3038833,0.013778748566447858
1709908677.3120499,-0.051828100203166014
1709908677.320318,0.008215095423948566
1709908677.3285863,-0.007317381531839887
1709908677.3368502,-0.03420915997323314
1709908677.3451157,-0.0077811230111676285
1709908677.3533916,-0.03861408172213326
1709908677.361662,-0.014040263911714496
1709908677.3698223,-0.05275533423993342
1709908677.3780875,-0.0017534794674508385
1709908677.3862698,0.023051835699797997
1709908677.3945436,-0.05461005123535969
1709908677.4027,-0.0038399427415969425
1709908677.410858,-0.046959685896826225
1709908677.4191258,-0.013808517632996347
1709908677.4274025,0.009837817218765242
1709908677.4356802,-0.020995141492200383
1709908677.443848,-0.027950019072686273
1709908677.4521258,-0.03212269669908704
1709908677.4604037,-0.003608196462877107
1709908677.4686828,-0.016822214943909862
1709908677.476967,-0.02029965373415112
1709908677.485248,-0.020067907455432972
1709908677.493526,0.045770936514790486
1709908677.5016735,-0.00036250395135399804
1709908677.5099523,0.03580236162339109
1709908677.5182242,-0.03699111100542682
1709908677.5264928,-0.01844493673872654
1709908677.534609,0.02583378673199168
1709908677.542677,0.01563346556187244
1709908677.5507755,0.021892855384309063
1709908677.5589294,0.02003813838888448
1709908677.567101,0.011692285292301752
1709908677.5753677,-0.0008262454306834263
1709908677.5836365,0.031165942517659206
1709908677.5919065,-0.021922375528969484
1709908677.60018,0.011228792734862082
1709908677.6084204,0.006360378428522297
1709908677.616693,-0.004999171978973947
1709908677.6249628,0.007519607665899303
1709908677.633235,-0.006853640052510458
1709908677.6415045,-0.03513664293189031
1709908677.649761,-0.0008262454306834263
1709908677.658035,-0.029804487146222785
1709908677.6663084,-0.027022536114027416
1709908677.674373,-0.004999171978973947
1709908677.682437,0.011692285292301752
1709908677.6907191,-0.004535430499644519
1709908677.6989107,-0.009172098527264468
1709908677.7070746,-0.017749448980677276
1709908677.715259,-0.02029965373415112
1709908677.7235367,0.018647162872785956
1709908677.7318184,0.007983100223338974
1709908677.7399907,-0.015894980907140765
1709908677.748272,-0.027486277593356846
1709908677.7563467,0.01841541659406612
1709908677.7646306,-0.028877253109453684
1709908677.7727966,-0.004999171978973947
1709908677.7809632,-0.0031444549835476787
1709908677.789243,-0.0017534794674508385
1709908677.7975252,-0.009172098527264468
1709908677.80568,-0.020531400012870956
1709908677.8139532,-0.013576771354276512
1709908677.8222334,0.014474236324495434
1709908677.8305159,0.014706231525105027
1709908677.8386497,0.006592124707242133
1709908677.84675,0.02397931865845517
1709908677.8549564,0.004273915154376194
1709908677.8631122,0.05063935082112859
1709908677.8713133,0.004737656633705622
1709908677.8794065,0.02537029417455201
1709908677.8875031,-0.0240088388031139
1709908677.895775,-0.012649288395617655
1709908677.9039302,-0.006621893773790623
1709908677.9121702,-0.014735751669763758
1709908677.9203346,-0.0031444549835476787
1709908677.9284,-0.003608196462877107
1709908677.9365687,-0.033050179657744205
1709908677.9448307,-0.005926406015741359
1709908677.9531,-0.012649288395617655
1709908677.9613705,-0.008244615568607299
1709908677.9696455,-0.025631560597930578
1709908677.9778006,0.006128632149802462
1709908677.9860713,-0.01659046866519003
1709908677.9943461,-0.03629562324737924
1709908678.0026248,-0.018213190460006703
1709908678.0108893,-0.008244615568607299
1709908678.0191324,0.062230647507344666
1709908678.027196,-0.012185795838177985
1709908678.0353227,0.010765051255532654
1709908678.0433896,-0.03490464773128241
1709908678.0514855,0.04043878072912128
1709908678.0595608,-0.03884582800085309
1709908678.0678377,0.0014919641221825132
1709908678.0761168,-0.004999171978973947
1709908678.084393,-0.02655904355658943
1709908678.0926723,-0.016358722386470192
1709908678.1009588,-0.01659046866519003
1709908678.1092386,0.053884794410763624
1709908678.1175158,0.011228792734862082
1709908678.1257923,-0.014040263911714496
1709908678.134059,0.00010098860608567269
1709908678.142328,0.019110904352115383
1709908678.1504204,0.01841541659406612
1709908678.158623,-0.017285956423237603
1709908678.1668255,-0.041395783832438866
1709908678.1750095,0.02768850372741795
1709908678.1831794,-0.0077811230111676285
1709908678.1914682,0.02768850372741795
1709908678.1997306,0.0028829396382793536
1709908678.2078836,-0.002912708704827843
1709908678.2160482,-0.0077811230111676285
1709908678.2243178,0.008446841702668401
1709908678.2325888,0.009837817218765242
1709908678.2407677,-0.004535430499644519
1709908678.249038,0.002651193359559518
1709908678.2573116,0.010765051255532654
1709908678.2655828,-0.0407002960743896
1709908678.2738588,-0.04510521782328972
1709908678.282131,-0.009172098527264468
1709908678.2904093,-0.006853640052510458
1709908678.2986841,-0.024704326561163163
1709908678.3068488,-0.032586438178416464
1709908678.315019,0.01748818255729871
1709908678.3232977,0.004737656633705622
1709908678.3315744,-0.016822214943909862
1709908678.3398566,-0.02308160476634649
1709908678.3481297,-0.01751770270195744
1709908678.3563466,0.03510687386534182
1709908678.364628,-0.022154370729577388
1709908678.372915,-0.023777092524394066
1709908678.3811903,-0.006621893773790623
1709908678.3894684,-0.0397730620376205
1709908678.3976269,-0.006621893773790623
1709908678.4057891,-0.02284985848762665
1709908678.4140568,-0.030268228625550526
1709908678.4223313,0.02954297180095446
1709908678.4306138,-0.007549127810559722
1709908678.438852,0.05179833113661752
1709908678.4471543,-0.04093229127499919
1709908678.4553459,0.013083260808398594
1709908678.46361,-0.03768659876347608
1709908678.4718835,0.008215095423948566
1709908678.4801571,-0.011953800637570079
1709908678.4884255,-0.010794820322081145
1709908678.4966958,0.004273915154376194
1709908678.5048482,-0.03699111100542682
1709908678.5131164,-0.002680962426108008
1709908678.5212905,-0.03606387696865941
1709908678.5293524,0.007055866186571561
1709908678.5374372,-0.015894980907140765
1709908678.5455096,-0.020531400012870956
1709908678.5535886,0.014937977803824862
1709908678.5617445,0.016792694799249445
1709908678.5700202,-0.005462664536413618
1709908678.578298,0.012851514529678759
1709908678.5866015,0.0028829396382793536
1709908678.5948794,-0.03351367221518388
1709908678.6031563,0.02444281121589484
1709908678.6114128,-0.022154370729577388
1709908678.6196942,0.011228792734862082
1709908678.62797,0.01563346556187244
1709908678.6362658,-0.014040263911714496
1709908678.6445365,-0.0010579917094032617
1709908678.652691,-0.029340994588783115
1709908678.6609704,0.013778748566447858
1709908678.6692545,-0.02284985848762665
1709908678.677542,-0.014040263911714496
1709908678.6856074,-0.0019854746680604313
1709908678.693886,-0.019372419697383708
1709908678.702162,-0.005694659737021524
1709908678.710317,0.010301558698092983
1709908678.7186005,0.0014919641221825132
1709908678.7267172,0.009142329460715979
1709908678.7348638,-0.008244615568607299
1709908678.7430363,-0.008244615568607299
1709908678.751301,-0.024704326561163163
1709908678.7595708,-0.012649288395617655
1709908678.7678382,-0.06017395329974874
1709908678.7761073,0.018647162872785956
1709908678.7843783,-0.0017534794674508385
1709908678.7926497,-0.029572740867502948
1709908678.8009138,0.030238459559002034
1709908678.809076,-0.005694659737021524
1709908678.8173492,0.019574396909555054
1709908678.8256204,-0.011722054358850244
1709908678.8338914,0.021892855384309063
1709908678.8420672,0.01841541659406612
1709908678.8501334,-0.004999171978973947
1709908678.8584073,0.01563346556187244
1709908678.8666832,-0.00013075767263416268
1709908678.8749628,0.001723959322792106
1709908678.8832374,0.005664890670473034
1709908678.8915153,0.019342650630835217
1709908678.8997908,0.00010098860608567269
1709908678.9079442,0.0007964763641349362
1709908678.916106,-0.004535430499644519
1709908678.924382,0.021429113904981322
1709908678.9326642,0.04437996099869196
1709908678.9409425,-0.010331078842753402
1709908678.9491057,-0.006853640052510458
1709908678.9573872,-0.012649288395617655
1709908678.9656696,-0.0012899869100111677
1709908678.973834,0.017719928836018542
1709908678.9821103,-0.015663234628420928
1709908678.9903934,0.036034107902110916
1709908678.998628,-0.015663234628420928
1709908679.0068643,0.0378888248975355
1709908679.0150135,-0.030731970104879953
1709908679.0231395,0.011692285292301752
1709908679.031313,-0.0008262454306834263
1709908679.0393803,0.023515577179125738
1709908679.0474565,0.023051835699797997
1709908679.0555973,-0.00036250395135399804
1709908679.0638638,0.006360378428522297
1709908679.0721283,-0.0397730620376205
1709908679.0804017,-0.01102656660080098
1709908679.0886686,-0.00013075767263416268
1709908679.0968363,-0.03675936472670699
1709908679.105078,0.007287612465291396
1709908679.1132538,-0.0012899869100111677
1709908679.1215239,0.01841541659406612
1709908679.129702,-0.015663234628420928
1709908679.1378515,0.011228792734862082
1709908679.1460192,0.04437996099869196
1709908679.1542938,-0.02864550683073385
1709908679.1625676,-0.024240834003723493
1709908679.170723,-0.007317381531839887
1709908679.1790066,-0.031659204141647364
1709908679.1872864,-0.013576771354276512
1709908679.1953583,0.027456508526808355
1709908679.2036417,-0.0031444549835476787
1709908679.2118056,0.013547002287728021
1709908679.2199688,0.010301558698092983
1709908679.228154,0.006592124707242133
1709908679.2364328,-0.010794820322081145
1709908679.2445083,-0.01751770270195744
1709908679.2527885,0.011692285292301752
1709908679.2610672,0.0005647300854151009
1709908679.2693489,-0.01751770270195744
1709908679.2776315,0.002651193359559518
1709908679.2859151,-0.010331078842753402
1709908679.2941992,0.007519607665899303
1709908679.3025033,0.0019557056015119412
1709908679.310568,-0.029340994588783115
1709908679.3186626,-0.014735751669763758
1709908679.3268387,-0.0012899869100111677
1709908679.3349879,0.008910583181996144
1709908679.3431513,-0.03629562324737924
1709908679.3514264,-0.003608196462877107
1709908679.3596897,-0.03142745786292753
1709908679.3679593,0.010069563497485078
1709908679.3762558,-0.011953800637570079
1709908679.3844302,-0.019604165976103545
1709908679.3927069,-0.03142745786292753
1709908679.4009807,-0.03444115517384273
1709908679.4091349,-0.03490464773128241
1709908679.4174032,0.017719928836018542
1709908679.4256625,-0.015431239427813022
1709908679.4339373,-0.012881283596227248
1709908679.4422143,-0.005462664536413618
1709908679.4504886,-0.007317381531839887
1709908679.4587657,0.0007964763641349362
1709908679.4670386,0.016560699598641537
1709908679.4753168,0.012619768250958922
1709908679.4835868,-0.0047671767783643544
1709908679.4918637,-0.010794820322081145
1709908679.5000174,-0.011258312879520815
1709908679.5081885,0.006128632149802462
1709908679.5164158,0.04507544875674122
1709908679.5245607,0.003578427396328617
1709908679.5327084,0.03649784938143866
1709908679.5408494,0.022820089421078164
1709908679.5490015,-0.029340994588783115
1709908679.5571656,0.007983100223338974
1709908679.5653625,0.02490655269522258
1709908679.573643,-0.012649288395617655
1709908679.581925,0.036034107902110916
1709908679.5902157,0.009374075739435814
1709908679.5985193,-0.02308160476634649
1709908679.6066668,0.013778748566447858
1709908679.6147542,0.03371589834924498
1709908679.622932,-0.010794820322081145
1709908679.6310995,-0.004535430499644519
1709908679.6393664,-0.04301875454914361
1709908679.6474319,-0.03490464773128241
1709908679.6556997,0.007983100223338974
1709908679.6639605,-0.013113029874947084
1709908679.6721618,0.0007964763641349362
1709908679.6804113,-0.014967746870373352
1709908679.6886818,-0.03328192593646404
1709908679.6969414,0.003578427396328617
1709908679.7052157,0.021429113904981322
1709908679.7133152,0.001723959322792106
1709908679.7215862,-0.017285956423237603
1709908679.7298586,-0.014735751669763758
1709908679.7380183,0.0010284715647428423
1709908679.7461839,0.001723959322792106
1709908679.7544572,-0.02864550683073385
1709908679.7627316,0.033020410591197404
1709908679.770896,-0.020531400012870956
1709908679.7791748,-0.011953800637570079
1709908679.787451,0.010301558698092983
1709908679.79573,-0.005694659737021524
1709908679.8040154,0.048784633825704006
1709908679.8121717,0.026529274490040944
1709908679.820448,0.031861430275708466
1709908679.828726,0.018647162872785956
1709908679.8369246,-0.011258312879520815
1709908679.8450935,0.008215095423948566
1709908679.853281,-0.0031444549835476787
1709908679.8615632,0.0300067132802822
1709908679.8698423,0.03510687386534182
1709908679.878132,0.02003813838888448
1709908679.8864295,-0.02308160476634649
1709908679.8946295,-0.03235469189969663
1709908679.9027228,-0.0240088388031139
1709908679.9108217,0.0033466811176087814
1709908679.9189675,0.001723959322792106
1709908679.9271386,-0.010099332564033567
1709908679.9354029,-0.025631560597930578
1709908679.9435725,0.021197367626261485
1709908679.9518464,0.01748818255729871
1709908679.96012,-0.0019854746680604313
1709908679.9683883,0.010997046456142247
1709908679.976533,-0.025863555798540168
1709908679.9848015,-0.006853640052510458
1709908679.9929693,-0.0008262454306834263
1709908680.0011384,0.031861430275708466
1709908680.0094078,-0.02771802387207668
1709908680.0176961,-0.018676931939334444
1709908680.025849,-0.0008262454306834263
1709908680.0340443,-0.002680962426108008
1709908680.0421836,0.00010098860608567269
1709908680.050307,0.004737656633705622
1709908680.058394,0.009374075739435814
1709908680.0665038,0.0010284715647428423
1709908680.074782,-0.05275533423993342
1709908680.0830553,0.003810422596936523
1709908680.091337,0.016792694799249445
1709908680.0996137,-0.0008262454306834263
1709908680.107895,0.02583378673199168
1709908680.1160505,-0.03861408172213326
1709908680.1243246,0.01841541659406612
1709908680.1325963,-0.020531400012870956
1709908680.1408694,0.05318930665271436
1709908680.1490324,-0.0910066630888246
1709908680.157311,-0.04093229127499919
1709908680.1653912,-0.07663341537041485
1709908680.173568,-0.10793011556070821
1709908680.1818466,-0.09309312636297071
1709908680.1901248,-0.03861408172213326
1709908680.198407,0.0949180742918468
1709908680.2066278,0.1334013983413459
1709908680.2147853,0.2616013985696584
1709908680.2228875,0.24305522430295814
1709908680.231044,0.17605740001724743
1709908680.2392097,0.13247416430457848
1709908680.2474759,0.08889067967001978
1709908680.2557511,0.04693016575216749
1709908680.2639954,0.07451743195161001
1709908680.2722638,0.10511839546196604
1709908680.2805336,0.23215941537478965
1709908680.2888048,0.28177029463117537
1709908680.2970757,0.4150707043664373
1709908680.30535,0.4857777137211091
1709908680.3134134,0.672166441502998
1709908680.321685,0.721313579280056
1709908680.329857,0.8393132583382493
1709908680.338133,0.9811910185269224
1709908680.3463993,1.0943225322006656
1709908680.3544738,1.3569819224797255
1709908680.362754,1.5236652467575371
1709908680.3710287,1.8115939426050653
1709908680.37931,2.1347602699905677
1709908680.3874469,2.2580918559125402
1709908680.3957229,2.4101701861932225
1709908680.4040015,2.565262213784818
1709908680.4122777,2.5914585044681635
1709908680.4205542,2.633651013586624
1709908680.4288313,2.584967368367007
1709908680.4371123,2.5664211941003052
1709908680.4452853,2.6431558469986935
1709908680.453568,3.1163137924688455
1709908680.461855,1.2767700797129837
1709908680.470135,2.732872772099397
1709908680.4784353,2.155160912330806
1709908680.486637,3.641632821948855
1709908680.4947965,3.0646164499383137
1709908680.5029593,4.348703911183136
1709908680.5111291,3.193512186846562
1709908680.5193074,4.6111315551834755
1709908680.5273867,4.618550174243291
1709908680.5356574,4.045474733580431
1709908680.5438018,5.61354971040321
1709908680.5519552,4.71429449396582
1709908680.5601032,5.505750352515134
1709908680.568227,5.119295385912884
1709908680.5764449,4.1560560425006985
1709908680.5846262,6.362813308755951
1709908680.5927799,4.51399625994485
1709908680.6009228,5.616099915156682
1709908680.609084,5.946452617479502
1709908680.6172473,5.601494672237664
1709908680.6253176,6.127741184676331
1709908680.6334076,6.331516608565655
1709908680.6414826,6.650741755681588
1709908680.649558,6.854981169972132
1709908680.657713,7.160064815648372
1709908680.6658764,7.15542839654264
1709908680.6740413,7.6550146278967475
1709908680.6822145,7.735226470663491
1709908680.6903207,7.556488357142022
1709908680.6984103,7.973776033533349
1709908680.7064857,8.347712469412617
1709908680.714577,8.057233568811615
1709908680.7227333,8.6676331042866
1709908680.7308972,8.736253650367125
1709908680.7390594,8.646073232708984
1709908680.74723,9.163046409092411
1709908680.7553236,8.806033425685028
1709908680.763396,8.863294670279949
1709908680.7714684,9.652200572997677
1709908680.7795408,8.258922778348682
1709908680.7876935,9.252299592713785
1709908680.7958531,9.794773820944402
1709908680.804015,8.536187411546761
1709908680.8121765,9.540460034840033
1709908680.8203154,9.50313594002791
1709908680.8284075,9.630872447698783
1709908680.8365088,9.28800096573109
1709908680.8446624,10.180069558309272
1709908680.8528252,9.645245695417191
1709908680.8609886,9.405305157031234
1709908680.8691561,10.353244018688242
1709908680.8773162,9.752349565547219
1709908680.8854117,9.934565366780816
1709908680.893488,10.300619442120942
1709908680.9017684,10.120258357882767
1709908680.9099329,10.299692208084174
1709908680.9180882,10.31452894836002
1709908680.9262547,10.226434993976024
1709908680.93462,10.51621815789709
1709908680.9427078,10.375267631745185
1709908680.950794,10.877404067852765
1709908680.9588737,10.550528555398296
1709908680.967045,10.90220938302001
1709908680.9751878,11.147945569749076
1709908680.9833179,10.946256360212008
1709908680.991383,11.202192868111194
1709908680.9994755,11.269190941318794
1709908681.007744,11.279159516210193
1709908681.01591,11.178546782181321
1709908681.0240555,11.147018335712309
1709908681.0322,10.987985127851141
1709908681.0403566,11.125690210413415
1709908681.0484288,11.174837348190472
1709908681.0565014,11.116417123280064
1709908681.0647752,11.331320351298166
1709908681.0730445,11.482703193820798
1709908681.0813174,11.04686909424088
1709908681.0895739,11.64428635751355
1709908681.0978472,11.464388765832815
1709908681.1061206,11.613685145081304
1709908681.114401,11.669787160438844
1709908681.12267,11.930128341165041
1709908681.1309416,11.756258393028025
1709908681.1391199,11.960729553597286
1709908681.147306,12.156159373311917
1709908681.1555781,11.864057750916098
1709908681.1637352,11.893267987832246
1709908681.1718392,12.179110220405628
1709908681.18012,11.969770894451917
1709908681.1883972,12.094029714410658
1709908681.196683,12.33698395010753
1709908681.204966,12.319829000278814
1709908681.2132428,12.419977992828356
1709908681.2213175,12.408386696142138
1709908681.229597,12.467734155089316
1709908681.237879,12.600570823345247
1709908681.2461607,12.749867202593736
1709908681.2544608,12.973579776265856
1709908681.262654,12.927446335799713
1709908681.270768,13.007426432287735
1709908681.2789283,13.409413875845775
1709908681.287106,12.903336508390513
1709908681.295376,13.20633369079261
1709908681.303654,13.165764152390853
1709908681.3119245,13.067237881636132
1709908681.3200796,13.347979704702562
1709908681.3283474,13.156722811536223
1709908681.336448,13.296282362172033
1709908681.3446312,13.278895417142708
1709908681.3527927,13.17248703477073
1709908681.3610654,13.29674610365136
1709908681.3693368,13.19219218935292
1709908681.377606,13.37301701507042
1709908681.3858714,13.242266810088637
1709908681.394144,13.293036918582398
1709908681.4024165,13.391099447857794
1709908681.4106936,13.05216914615967
1709908681.4187584,13.118471482687333
1709908681.4270334,12.885949314439303
1709908681.4353113,12.618653256132621
1709908681.4435942,12.538904905923317
1709908681.4518676,12.29919636273797
1709908681.4601443,12.189078795297029
1709908681.4684196,11.875185555044878
1709908681.4766982,12.027263885325556
1709908681.484981,11.086511647527754
1709908681.493252,11.946820047358205
1709908681.5013149,10.648823079874301
1709908681.509594,10.435542573651018
1709908681.5178635,9.946620156024473
1709908681.5260148,10.266309044619732
1709908681.5341687,-22.80630196024089
1709908681.5423045,13.204710968997793
1709908681.5503764,13.236934903224855
1709908681.558454,-16.23587303593213
1709908681.5665543,29.815084921972716
1709908681.5746744,-16.808484735115663
1709908681.5828533,22.32082721233804
1709908681.5909998,-34.08536023892311
1709908681.5991664,27.373487526838453
1709908681.6073468,-10.6822357634834
1709908681.6155288,-7.158935355477544
1709908681.6236844,25.051976274036527
1709908681.6319506,-29.05124609868939
1709908681.6401157,20.432831600641276
1709908681.648307,-2.2316933390951346
1709908681.6565747,-9.655012044174532
1709908681.6648462,19.534735613441267
1709908681.6731188,-13.904856949718138
1709908681.6813896,8.718634959059079
1709908681.6896708,-2.1357172730938854
1709908681.6979425,-4.848319911603789
1709908681.706225,6.526714682001568
1709908681.7144942,-9.763275143541934
1709908681.7225695,9.33969830826162
1709908681.730849,-8.316677284567591
1709908681.7390149,5.478858574073741
1709908681.7471788,0.24815563380990582
1709908681.755459,-9.628815753491185
1709908681.7637358,13.242035063809915
1709908681.771901,-10.747842612253015
1709908681.7801785,0.804539368279601
1709908681.7884629,4.501245734021257
1709908681.796538,-8.25014295283932
1709908681.8048193,6.1059493178981095
1709908681.8129828,-6.253189002938998
1709908681.8211367,3.527574323160233
1709908681.8294199,-3.8774302028530707
1709908681.8377018,3.0205694727463155
1709908681.8459826,1.1763890919628337
1709908681.854262,-5.747343381762457
1709908681.8625493,7.518236779371244
1709908681.8706686,-8.04474480715518
1709908681.8787816,-3.241066371895352
1709908681.8869832,-1.613875433482227
1709908681.8951387,3.1107501393263464
1709908681.903407,-8.421926437702192
1709908681.9115105,9.575465920099289
1709908681.9195917,-7.884784365257244
1709908681.927734,6.826698167092749
1709908681.935878,0.9174388867527348
1709908681.9440134,-3.580460415072802
1709908681.952165,7.92601987127239
1709908681.9602997,-8.456468830404008
1709908681.9685733,10.05627423090797
1709908681.9766786,-5.136712100008756
1709908681.9849477,3.1914257235724173
1709908681.9932263,3.9810271140481936
1709908682.0013213,-5.321941598553267
1709908682.0094795,10.384076977399205
1709908682.0177429,-5.853056276376386
1709908682.0258737,7.340194153607825
1709908682.0340261,-1.3451886485813398
1709908682.0421634,-0.8340108716191286
1709908682.0503037,4.891641880893078
1709908682.058373,-6.150026064156655
1709908682.0666692,6.387618623923199
1709908682.0748339,-4.4166587385721625
1709908682.0831087,2.3274081386730052
1709908682.0913856,0.710649516630609
1709908682.0994577,-2.565987221687525
1709908682.10774,3.8101708632220914
1709908682.1160033,-3.698923835610324
1709908682.1241636,2.4685904111036305
1709908682.1324315,-2.225202202993978
1709908682.1406996,-0.49322585292558313
1709908682.1488912,0.2514010773995392
1709908682.1571705,-2.227520412546843
1709908682.1654515,2.309789198443072
1709908682.1735606,-2.250935001119884
1709908682.1817136,1.0301066589471501
1709908682.1899927,-1.4451058948521607
1709908682.1982732,-0.5808563147521385
1709908682.2065609,0.36638705914681896
1709908682.2146943,-1.7416119411530997
1709908682.2228506,-2.2831589353469464
1709908682.2311728,0.4461354093561228
1709908682.2394414,-0.8430522124737606
1709908682.2476048,-1.766880997799678
1709908682.2558708,0.9746998824257659
1709908682.264137,-2.3962902000988
1709908682.272404,1.1367467875978472
1709908682.280672,-1.1968195033696205
1709908682.2889392,-0.26580409418449746
1709908682.297215,0.18417125791322056
1709908682.3054829,-1.7418436874318195
1709908682.313794,0.9188298622688332
1709908682.3219476,-1.7555214473921819
1709908682.3302243,1.2380550093847649
1709908682.3385005,-0.9860892018998106
1709908682.3467882,0.028383991485465523
1709908682.3550692,0.4894868987900719
1709908682.363344,-1.297432237398489
1709908682.3716223,2.2884610731441763
1709908682.3799002,-1.080210799827524
1709908682.3881774,2.4157340882576097
1709908682.3964567,0.16562533256840836
1709908682.4047358,0.4683907686917858
1709908682.4130104,1.8790555083701037
1709908682.421117,-0.8307654280294953
1709908682.4292862,2.7834108853925517
1709908682.4373612,-0.8177831558271823
1709908682.4454145,1.748769044867645
1709908682.4536898,0.3404225147421931
1709908682.4618578,0.27875659732026187
1709908682.4700215,1.8841556689551633
1709908682.4781775,-0.9160774313812983
1709908682.4865324,1.9884775880529943
1709908682.4946623,0.9774818334579612
1709908682.5027635,-0.08382003922961888
1709908682.510836,-0.4960078039577768
1709908682.5190034,0.7899341253605834
1709908682.5271406,-1.5566144378091975
1709908682.5353277,0.9893051253447852
1709908682.5433898,-1.195196781574804
1709908682.5514548,0.3320766616456104
1709908682.5595927,-0.2685860452166911
1709908682.5677483,-0.6782233562694855
1709908682.576058,0.5182333942268914
1709908682.5842156,-1.1866191821995014
1709908682.5924835,0.1607569182620686
1709908682.6007545,-0.8838537460761239
1709908682.6089225,-0.29918700872704884
1709908682.6170769,-0.5484006342463562
1709908682.6252568,-0.7238933041781903
1709908682.633406,0.02490655269522258
1709908682.6415813,-1.2886228917444682
1709908682.649841,0.4711727197239795
1709908682.6580074,-1.0475231241211322
1709908682.6662793,-0.00036250395135399804
1709908682.6745608,-0.4199686388174358
1709908682.6827188,-0.7062746128701455
1709908682.6908665,0.0770673877831941
1709908682.699023,-1.314819182427814
1709908682.7071877,0.31932638464390706
1709908682.7154655,-1.032222642365955
1709908682.7235577,0.01563346556187244
1709908682.7317095,-0.10607539856528363
1709908682.7399895,-0.32213785582076115
1709908682.7482722,0.6564022182684914
1709908682.7563453,-0.3756899153467176
1709908682.7646253,1.2113949772220898
1709908682.7727861,0.033020410591197404
1709908682.7810638,0.743568938615719
1709908682.7893414,0.5156834383953056
1709908682.7974088,0.3508545821910322
1709908682.8056889,0.9452578992308988
1709908682.8139737,0.1864897163879746
1709908682.8222687,1.0565346959092157
1709908682.8305545,0.22149535272534265
1709908682.8386824,0.8328221222370928
1709908682.8469477,0.3485363726381663
1709908682.8550994,0.5975182518787555
1709908682.8632724,-0.07709715684974258
1709908682.8713136,0.4465991508354505
1709908682.8793766,-0.1749279398464189
1709908682.8874402,0.2418962439874692
1709908682.8955832,-0.047886919933595326
1709908682.9037354,0.02583378673199168
1709908682.9118881,0.057593979479724715
1709908682.9200425,-0.15568627782166938
1709908682.9282033,-0.012185795838177985
1709908682.9363117,-0.08219731743480221
1709908682.9443796,-0.5108447931555143
1709908682.9524596,0.04159800996649828
1709908682.9605293,-0.9019361788634964
1709908682.968687,-0.16148192616477658
1709908682.9767818,-0.5875791971320149
1709908682.9849458,-0.42020038509615565
1709908682.9931118,-0.5377365715969092
1709908683.0012796,-0.2287117456510952
1709908683.0093663,-0.3165739537563721
1709908683.0174358,-0.5337956402492267
1709908683.0255582,-0.18257830518495238
1709908683.0337021,-0.4714342350692478
1709908683.0418408,-0.29756428693223214
1709908683.0499868,-0.36363487718117377
1709908683.0581417,-0.4109275468846936
1709908683.066313,-0.24007129605859143
1709908683.0744116,-0.35482528260526164
1709908683.0824869,0.022588343142358327
1709908683.0905955,-0.161945667644106
1709908683.0987484,0.09839551308208974
1709908683.1069114,0.1197236383809854
1709908683.1150734,0.28547947970013815
1709908683.1232622,0.2439827072616153
1709908683.1313112,0.14754289978103582
1709908683.1393828,0.42805297656875024
1709908683.1474557,0.20781759276498046
1709908683.1555278,0.36754628838419595
1709908683.163687,0.2826977775898342
1709908683.1718574,0.22265458196271967
1709908683.1800203,0.5372433099729211
1709908683.188182,0.26044241825416947
1709908683.1963153,0.558571186349927
1709908683.2044134,0.30541662948293696
1709908683.212488,0.3983792470951616
1709908683.2205973,0.35340478694450606
1709908683.2287502,0.08100856805276647
1709908683.2369134,0.30124370293464475
1709908683.2450778,-0.010099332564033567
1709908683.2532446,0.1994719885902875
1709908683.2613149,0.0803130802947172
1709908683.26939,0.01841541659406612
1709908683.2776732,0.14383346579018497
1709908683.2858365,-0.10213446721760101
1709908683.2940004,0.06640357405563688
1709908683.3021643,-0.23821657906316684
1709908683.3103213,-0.11697145641533852
1709908683.3186877,-0.31402399792478636
1709908683.326749,-0.30266444751729177
1709908683.3348205,-0.42020038509615565
1709908683.3429809,-0.25606726557181786
1709908683.3510525,-0.45590175811346106
1709908683.3592176,-0.19625606514531288
1709908683.3673146,-0.3499571172208116
1709908683.3753917,-0.2901459167943066
1709908683.3834546,-0.25583551929309806
1709908683.391599,-0.33488838174435254
1709908683.3997493,-0.3035916815540592
1709908683.4079053,-0.2695132792534602
1709908683.4160614,-0.2780908786287628
1709908683.424236,-0.20784736183152897
1709908683.4323082,-0.015663234628420928
1709908683.4403734,-0.07269248402273223
1709908683.4484363,0.1686390298793219
1709908683.4565802,0.07382194419356075
1709908683.464736,0.12876473031372596
1709908683.4729066,0.32396280374963726
1709908683.4810681,-0.012881283596227248
1709908683.4892344,0.3135304873789101
1709908683.4973168,-0.010331078842753402
1709908683.5054095,0.18672146266669443
1709908683.5134754,0.1646978496097512
1709908683.5215507,0.14244249027408812
1709908683.529687,0.29730277158696383
1709908683.5377555,0.14197899771664846
1709908683.5459096,0.32094910643872376
1709908683.5540664,0.16562533256840836
1709908683.5622232,0.20434040289662728
1709908683.5703154,0.16446610333103134
1709908683.578391,0.04623467799411823
1709908683.586466,0.14754289978103582
1709908683.5945413,0.05063935082112859
1709908683.6026957,0.1746664245011506
1709908683.6108596,0.08749970415392293
1709908683.61902,0.14012428072122218
1709908683.627179,0.005664890670473034
1709908683.6353245,0.058521462438383576
1709908683.6433966,-0.007549127810559722
1709908683.6514635,-0.12902624565899426
1709908683.6595347,-0.09796154066930882
1709908683.6676853,-0.2760044153546167
1709908683.6758466,-0.1756234276044665
1709908683.684006,-0.333033664748928
1709908683.6921556,-0.2101655713843949
1709908683.7003129,-0.23288467219938738
1709908683.7083852,-0.24795340767584473
1709908683.7164605,-0.16750956970849337
1709908683.7245364,-0.2938551018632694
1709908683.7326894,-0.0988887747060779
1709908683.7408547,-0.2358983695103009
1709908683.7490191,-0.1895331827654366
1709908683.757182,-0.2201341462757943
1709908683.7653189,-0.2071518740734814
1709908683.7734108,-0.08103833711931496
1709908683.7814858,-0.09796154066930882
1709908683.7895951,0.014937977803824862
1709908683.7977474,-0.002680962426108008
1709908683.8059127,0.08193580208953388
1709908683.814076,0.09770002532404048
1709908683.8222425,0.13224216910396888
1709908683.8305976,0.11346424855854877
1709908683.8387306,0.14731090458042792
1709908683.8468447,0.03417963982857441
1709908683.8550024,0.17234821494828464
1709908683.863272,0.07984933881538947
1709908683.8715384,0.21801816285698947
1709908683.879803,0.2330868983334468
1709908683.8880682,0.18463499939255001
1709908683.8963735,0.2092085682810773
1709908683.9046478,0.09677279128727308
1709908683.912912,0.2110632852765036
1709908683.921076,0.08263128984758315
1709908683.929257,0.1334013983413459
1709908683.9375327,0.020501879868212225
1709908683.9458048,0.05063935082112859
1709908683.953967,0.03858431265558476
1709908683.962132,0.014474236324495434
1709908683.9704063,0.04067077592973087
1709908683.978481,-0.05159635392444618
1709908683.986757,-0.03629562324737924
1709908683.9950445,-0.14084953754581994
1709908684.0033112,-0.1225351095578378
1709908684.0114348,-0.1923148848757422
1709908684.0195534,-0.20738362035220123
1709908684.0276904,-0.19185139231830253
1709908684.035854,-0.25768998736663623
1709908684.0439928,-0.09981625766473508
1709908684.0521502,-0.20738362035220123
1709908684.0603354,-0.11163930062967099
1709908684.0684216,-0.10862560331875748
1709908684.0767035,-0.1443269763360612
1709908684.0849829,-0.11534848569863378
1709908684.0932596,-0.14015404978777068
1709908684.101536,-0.10051174542278435
1709908684.1098127,-0.11071206659290189
1709908684.1179783,-0.06179667509456541
1709908684.1262648,-0.10329369645497802
1709908684.134542,-0.005694659737021524
1709908684.142679,0.036034107902110916
1709908684.1507926,0.0930636062183103
1709908684.1589038,0.015401719283152603
1709908684.1671796,0.1009457178355636
1709908684.1754465,-0.015663234628420928
1709908684.1837146,0.08193580208953388
1709908684.1919827,0.041366263687778446
1709908684.20027,0.05597125768490804
1709908684.2084465,0.14452895354823422
1709908684.2165945,0.0939908402550794
1709908684.2248576,0.18231678983968405
1709908684.2331257,0.12482379896604502
1709908684.241398,0.14174700251603886
1709908684.2495778,0.11300050707921934
1709908684.257731,0.1442972072695144
1709908684.2660065,0.08309503132691089
1709908684.2743073,0.060839671991247825
1709908684.2823787,0.07057625168203764
1709908684.2906537,0.006592124707242133
1709908684.298928,0.07011275912459797
1709908684.3072126,-0.013113029874947084
1709908684.3154922,0.06130341347057725
1709908684.3235688,-0.033050179657744205
1709908684.331842,-0.01844493673872654
1709908684.340118,-0.07385171326010924
1709908684.3483958,-0.13992205458716278
1709908684.356684,-0.1067708863233312
1709908684.3649666,-0.1814190759475754
1709908684.373251,-0.11048032031418206
1709908684.3815281,-0.16913229150331005
1709908684.389808,-0.13969030830844295
1709908684.398087,-0.12693978238484985
1709908684.406259,-0.12717177758545775
1709908684.4144158,-0.05275533423993342
1709908684.4224894,-0.08173382487736254
1709908684.430621,-0.14061754234521034
1709908684.4387357,-0.088224960978519
1709908684.4468384,-0.09286138008425088
1709908684.4550176,-0.07987910788193796
1709908684.4632788,-0.08196557115608237
1709908684.471543,-0.022154370729577388
1709908684.4798098,0.043220731761314954
1709908684.488076,0.04808914606765474
1709908684.496345,0.08749970415392293
1709908684.5044181,0.031165942517659206
1709908684.5124912,0.058753208717103406
1709908684.520612,0.06130341347057725
1709908684.528735,0.04345272696192455
1709908684.5368292,0.08402226536367999
1709908684.544977,0.07614015374642669
1709908684.5531695,0.14661541682237866
1709908684.5612679,0.05318930665271436
1709908684.5695145,0.11740542882811945
1709908684.577783,0.11578245811141302
1709908684.5860593,0.08216779729014348
1709908684.5943327,0.12227359421256949
1709908684.6024883,0.007519607665899303
1709908684.6105604,0.05504402364814063
1709908684.6188366,-0.021458882971529813
1709908684.6271138,0.02003813838888448
1709908684.6353908,-0.014735751669763758
1709908684.643466,-0.04974163692901991
1709908684.6515388,0.007287612465291396
1709908684.6598258,-0.0692150452324893
1709908684.6680963,-0.05692826078822563
1709908684.676367,-0.048582407691642904
1709908684.6846452,-0.046032451860057125
1709908684.6929243,-0.09657056515321197
1709908684.7012177,-0.07524243985431801
1709908684.7094953,-0.16843680374526246
1709908684.7177725,-0.11442125166186468
1709908684.7260458,-0.13714035247685716
1709908684.7343585,-0.11349401762509727
1709908684.742644,-0.048814402892252494
1709908684.7508428,-0.03351367221518388
1709908684.7589996,-0.07732890312846243
1709908684.7671647,-0.10653914004461137
1709908684.775315,-0.04255501306981587
1709908684.7834933,-0.08497926846699588
1709908684.7917573,-0.018213190460006703
1709908684.8000243,-0.026095302077260005
1709908684.8082933,0.011228792734862082
1709908684.8165612,-0.022386117008297225
1709908684.824717,-0.005694659737021524
1709908684.8329976,0.04067077592973087
1709908684.8412733,0.036034107902110916
1709908684.8494346,0.007287612465291396
1709908684.8577087,0.08216779729014348
1709908684.8659801,0.07266271495618375
1709908684.8742573,0.020501879868212225
1709908684.8825328,0.07057625168203764
1709908684.8908088,0.05597125768490804
1709908684.899088,0.11531896555397335
1709908684.9073684,0.06779454957173371
1709908684.9156432,0.0715037346406965
1709908684.923805,0.09352709877574997
1709908684.9319403,0.05179833113661752
1709908684.9401002,0.09677279128727308
1709908684.948282,0.012156026771629495
1709908684.956354,0.04693016575216749
1709908684.9644125,0.002651193359559518
1709908684.9724874,-0.006853640052510458
1709908684.9806008,-0.021458882971529813
1709908684.9887557,-0.06828781119572187
1709908684.9969208,0.026529274490040944
1709908685.005197,-0.018676931939334444
1709908685.0133216,-0.03142745786292753
1709908685.0214117,-0.05507354379279936
1709908685.0295548,-0.060869192135908246
1709908685.0376518,-0.06643309420029561
1709908685.0457969,-0.11163930062967099
1709908685.0539527,-0.06156467989395582
1709908685.0621045,-0.13018547489637128
1709908685.0702798,-0.041395783832438866
1709908685.0785618,-0.14061754234521034
1709908685.086681,-0.030731970104879953
1709908685.09479,-0.06179667509456541
1709908685.102943,-0.04255501306981587
1709908685.111108,-0.03629562324737924
1709908685.119313,0.030933947317051298
1709908685.1274843,-0.06898329895376945
1709908685.135748,0.0033466811176087814
1709908685.1440122,-0.03768659876347608
1709908685.152314,0.011228792734862082
1709908685.1604319,0.06825804212917339
1709908685.168551,0.0019557056015119412
1709908685.1768122,0.0636216230234415
1709908685.185087,0.016560699598641537
1709908685.1933608,0.08634047491654592
1709908685.2016392,0.006128632149802462
1709908685.2099159,0.1030321811097097
1709908685.2181797,0.04206175144582771
1709908685.226451,0.023051835699797997
1709908685.234724,0.05272581409527469
1709908685.2428875,-0.009172098527264468
1709908685.2511637,0.060839671991247825
1709908685.259315,0.03696159086076809
1709908685.2674098,0.05179833113661752
1709908685.275685,0.04067077592973087
1709908685.2839637,0.015401719283152603
1709908685.292246,0.03464313238601408
1709908685.3005247,-0.0038399427415969425
1709908685.3088052,-0.0038399427415969425
1709908685.3170838,-0.08266105891413164
1709908685.3252108,0.0300067132802822
1709908685.3333056,-0.040468549795669766
1709908685.3415916,-0.054378056034751786
1709908685.3498704,-0.0240088388031139
1709908685.3580346,-0.06898329895376945
1709908685.3663154,0.007519607665899303
1709908685.3745985,-0.04510521782328972
1709908685.3826709,-0.11720320269405836
1709908685.3907552,-0.09796154066930882
1709908685.3988338,-0.039541315758900665
1709908685.407008,-0.08776121949919126
1709908685.4151733,-0.005926406015741359
1709908685.423315,-0.05739200226755337
1709908685.4313817,-0.042091271590486444
1709908685.4394636,-0.037918593964083994
1709908685.4477289,-0.04719143217554606
1709908685.455882,-0.04719143217554606
1709908685.4641564,-0.032586438178416464
1709908685.4724343,-0.022386117008297225
1709908685.4807045,-0.030731970104879953
1709908685.4889746,-0.014504005391043923
1709908685.497144,0.010301558698092983
1709908685.505328,0.014706231525105027
1709908685.5136058,-0.013808517632996347
1709908685.5217602,0.05898495499582324
1709908685.5299172,0.05179833113661752
1709908685.5380037,0.05944869647515098
1709908685.5461574,0.0005647300854151009
1709908685.5543175,0.05179833113661752
1709908685.562382,0.03394764462796482
1709908685.5706472,0.042293497724547546
1709908685.5789227,0.026529274490040944
1709908685.5871964,0.008215095423948566
1709908685.595318,0.0054331443917531985
1709908685.603418,0.04600268279351032
1709908685.6116972,0.015401719283152603
1709908685.619975,0.02768850372741795
1709908685.628138,-0.006853640052510458
1709908685.636328,-0.0017534794674508385
1709908685.6445782,-0.03444115517384273
1709908685.6528523,-0.04510521782328972
1709908685.6611366,-0.05692826078822563
1709908685.6694138,-0.03675936472670699
1709908685.6776967,-0.020531400012870956
1709908685.6859753,-0.05692826078822563
1709908685.6942608,-0.015663234628420928
1709908685.7025425,-0.053450821997982685
1709908685.7106519,-0.011722054358850244
1709908685.7187371,-0.05090086616639691
1709908685.7268274,-0.04904614917097233
1709908685.7349062,-0.05507354379279936
1709908685.7432249,-0.06272390913133283
1709908685.7513766,-0.07547443505492592
1709908685.7594514,-0.01751770270195744
1709908685.7675986,0.011228792734862082
1709908685.7758718,-0.07361971805950134
1709908685.7841387,0.02861573776418536
1709908685.7924109,-0.030731970104879953
1709908685.800682,-0.0240088388031139
1709908685.808952,-0.014967746870373352
1709908685.8172233,-0.02771802387207668
1709908685.8254938,-0.019372419697383708
1709908685.8337677,0.0007964763641349362
1709908685.8419309,-0.013113029874947084
1709908685.8501933,0.06269414006478434
1709908685.858315,0.0320931765544283
1709908685.8664708,0.012851514529678759
1709908685.8747494,0.012619768250958922
1709908685.882912,0.03278866431247757
1709908685.8911746,0.015865211840592273
1709908685.8994486,-0.01659046866519003
1709908685.907521,0.045770936514790486
1709908685.9157948,0.02954297180095446
1709908685.9239554,0.04414821471997213
1709908685.9321022,0.016792694799249445
1709908685.9402945,0.026529274490040944
1709908685.9485765,-0.005926406015741359
1709908685.9567373,-0.009635591084704138
1709908685.9650166,-0.003608196462877107
1709908685.973299,-0.0397730620376205
1709908685.9814076,-0.04440973006524045
1709908685.9896882,-0.009635591084704138
1709908685.9979715,-0.05831923630432247
1709908686.00625,-0.027950019072686273
1709908686.0144117,-0.04626419813877696
1709908686.0224993,-0.05924647034108988
1709908686.030575,-0.11604397345668135
1709908686.038645,-0.09958426246412717
1709908686.0467057,-0.03699111100542682
1709908686.054838,-0.05600102675145653
1709908686.0629363,-0.041395783832438866
1709908686.0710871,-0.09494784335839529
1709908686.0791838,-0.0666650894009052
1709908686.0872936,-0.049973383207739745
1709908686.0953546,-0.06017395329974874
1709908686.103418,-0.03675936472670699
1709908686.1114829,-0.03884582800085309
1709908686.1196308,-0.010331078842753402
1709908686.1277883,0.025602040453271843
1709908686.1359408,-0.018213190460006703
1709908686.1441114,0.012851514529678759
1709908686.1522667,-0.006853640052510458
1709908686.160414,0.007055866186571561
1709908686.1684887,0.017256187356689115
1709908686.1765647,0.012851514529678759
1709908686.184721,0.014937977803824862
1709908686.1928842,-0.0031444549835476787
1709908686.2010462,0.0007964763641349362
1709908686.20922,0.009374075739435814
1709908686.2173102,0.053884794410763624
1709908686.2253857,0.005664890670473034
1709908686.2334607,0.031861430275708466
1709908686.2416043,-0.024704326561163163
1709908686.249761,0.017256187356689115
1709908686.257924,-0.022386117008297225
1709908686.266088,-0.011953800637570079
1709908686.2742777,-0.0008262454306834263
1709908686.2823527,0.009837817218765242
1709908686.2904067,-0.0019854746680604313
1709908686.2984824,-0.056464519308896205
1709908686.3065617,-0.010099332564033567
1709908686.3147156,-0.029340994588783115
1709908686.3228774,0.0019557056015119412
1709908686.3310392,-0.012185795838177985
1709908686.3393137,-0.07176524998596313
1709908686.3475864,-0.019140424496774115
1709908686.3557396,-0.046032451860057125
1709908686.3640172,-0.014040263911714496
1709908686.3722951,-0.05785549482499304
1709908686.3803694,-0.02771802387207668
1709908686.3886483,-0.029340994588783115
1709908686.3969247,0.0033466811176087814
1709908686.4052145,-0.004999171978973947
1709908686.4133883,-0.06828781119572187
1709908686.4214635,-0.020531400012870956
1709908686.4295387,-0.03420915997323314
1709908686.437814,-0.03536838921061015
1709908686.446099,-0.03235469189969663
1709908686.4543805,-0.015431239427813022
1709908686.4626503,-0.023777092524394066
1709908686.4707396,-0.024240834003723493
1709908686.4788241,-0.007317381531839887
1709908686.4869196,0.0300067132802822
1709908686.495009,-0.035832130689939574
1709908686.5031228,0.008446841702668401
1709908686.511389,0.0466981705515579
1709908686.5194643,-0.0047671767783643544
1709908686.527591,-0.003608196462877107
1709908686.535746,-0.019372419697383708
1709908686.5438807,0.023747323457845575
1709908686.552145,-0.05368256827670252
1709908686.5603125,0.03557061534467125
1709908686.568382,-0.015894980907140765
1709908686.5765467,-0.00013075767263416268
1709908686.5848126,-0.02655904355658943
1709908686.5929759,-0.004071689020316778
1709908686.6012442,0.017719928836018542
1709908686.6095152,-0.020067907455432972
1709908686.6177843,0.010069563497485078
1709908686.626059,-0.0012899869100111677
1709908686.6343296,0.007287612465291396
1709908686.6424217,-0.04255501306981587
1709908686.6504939,-0.027022536114027416
1709908686.658603,-0.021922375528969484
1709908686.6667569,-0.022154370729577388
1709908686.6749196,-0.04440973006524045
1709908686.6830833,-0.03212269669908704
1709908686.6912725,-0.03699111100542682
1709908686.6993284,-0.041395783832438866
1709908686.7074208,-0.048814402892252494
1709908686.7154922,-0.01102656660080098
1709908686.7235713,-0.05623277303017637
1709908686.7317233,-0.026790789835307582
1709908686.7398844,-0.028877253109453684
1709908686.7480466,-0.0031444549835476787
1709908686.7562094,-0.0008262454306834263
1709908686.7644877,-0.01844493673872654
1709908686.7725627,-0.018213190460006703
1709908686.7808418,-0.026790789835307582
1709908686.789121,-0.01659046866519003
1709908686.797397,-0.025863555798540168
1709908686.8056784,0.03139768879637904
1709908686.8139668,-0.009172098527264468
1709908686.822245,-0.02122688777092022
1709908686.830539,0.03464313238601408
1709908686.8386836,-0.023777092524394066
1709908686.8467548,-0.004999171978973947
1709908686.8549266,0.012851514529678759
1709908686.8631988,-0.04348224710658328
1709908686.8714666,0.006592124707242133
1709908686.8797333,0.019574396909555054
1709908686.8880012,0.004273915154376194
1709908686.896304,0.018183670315346283
1709908686.90442,0.009837817218765242
1709908686.9124959,0.0300067132802822
1709908686.9207697,-0.014040263911714496
1709908686.929017,0.014010743767055764
1709908686.9372892,-0.037918593964083994
1709908686.945356,-0.014040263911714496
1709908686.953516,-0.010099332564033567
1709908686.9616697,-0.027486277593356846
1709908686.9698284,-0.03490464773128241
1709908686.9779844,-0.024240834003723493
